9.98001e-01
9.96003e-01
9.94006e-01
9.92010e-01
9.90014e-01
9.88020e-01
9.86027e-01
9.84035e-01
9.82044e-01
9.80055e-01
9.78066e-01
9.76079e-01
9.74093e-01
9.72108e-01
9.70125e-01
9.68142e-01
9.66162e-01
9.64182e-01
9.62204e-01
9.60228e-01
9.58253e-01
9.56279e-01
9.54307e-01
9.52336e-01
9.50367e-01
9.48400e-01
9.46434e-01
9.44469e-01
9.42507e-01
9.40546e-01
9.38586e-01
9.36629e-01
9.34673e-01
9.32718e-01
9.30766e-01
9.28815e-01
9.26866e-01
9.24919e-01
9.22974e-01
9.21031e-01
9.19089e-01
9.17149e-01
9.15211e-01
9.13276e-01
9.11342e-01
9.09410e-01
9.07479e-01
9.05551e-01
9.03625e-01
9.01701e-01
8.99779e-01
8.97859e-01
8.95941e-01
8.94025e-01
8.92111e-01
8.90199e-01
8.88290e-01
8.86382e-01
8.84477e-01
8.82573e-01
8.80672e-01
8.78773e-01
8.76877e-01
8.74982e-01
8.73090e-01
8.71199e-01
8.69311e-01
8.67425e-01
8.65542e-01
8.63660e-01
8.61781e-01
8.59904e-01
8.58030e-01
8.56157e-01
8.54287e-01
8.52420e-01
8.50555e-01
8.48691e-01
8.46831e-01
8.44973e-01
8.43117e-01
8.41263e-01
8.39413e-01
8.37564e-01
8.35718e-01
8.33874e-01
8.32032e-01
8.30194e-01
8.28358e-01
8.26523e-01
8.24692e-01
8.22864e-01
8.21037e-01
8.19213e-01
8.17392e-01
8.15574e-01
8.13757e-01
8.11943e-01
8.10133e-01
8.08324e-01
8.06517e-01
8.04714e-01
8.02914e-01
8.01116e-01
7.99320e-01
7.97527e-01
7.95737e-01
7.93950e-01
7.92166e-01
7.90384e-01
7.88603e-01
7.86826e-01
7.85052e-01
7.83281e-01
7.81513e-01
7.79747e-01
7.77982e-01
7.76222e-01
7.74464e-01
7.72709e-01
7.70957e-01
7.69208e-01
7.67461e-01
7.65717e-01
7.63976e-01
7.62236e-01
7.60500e-01
7.58767e-01
7.57037e-01
7.55310e-01
7.53586e-01
7.51864e-01
7.50146e-01
7.48430e-01
7.46717e-01
7.45006e-01
7.43299e-01
7.41594e-01
7.39892e-01
7.38194e-01
7.36497e-01
7.34804e-01
7.33114e-01
7.31426e-01
7.29742e-01
7.28060e-01
7.26381e-01
7.24705e-01
7.23032e-01
7.21362e-01
7.19695e-01
7.18031e-01
7.16372e-01
7.14713e-01
7.13057e-01
7.11405e-01
7.09755e-01
7.08108e-01
7.06464e-01
7.04823e-01
7.03185e-01
7.01552e-01
6.99920e-01
6.98291e-01
6.96664e-01
6.95041e-01
6.93420e-01
6.91806e-01
6.90191e-01
6.88579e-01
6.86971e-01
6.85365e-01
6.83762e-01
6.82165e-01
6.80569e-01
6.78975e-01
6.77384e-01
6.75799e-01
6.74214e-01
6.72632e-01
6.71053e-01
6.69480e-01
6.67907e-01
6.66337e-01
6.64770e-01
6.63209e-01
6.61647e-01
6.60089e-01
6.58534e-01
6.56985e-01
6.55436e-01
6.53890e-01
6.52350e-01
6.50809e-01
6.49272e-01
6.47741e-01
6.46210e-01
6.44682e-01
6.43159e-01
6.41637e-01
6.40118e-01
6.38604e-01
6.37091e-01
6.35581e-01
6.34077e-01
6.32573e-01
6.31071e-01
6.29576e-01
6.28081e-01
6.26591e-01
6.25102e-01
6.23616e-01
6.22135e-01
6.20655e-01
6.19181e-01
6.17706e-01
6.16235e-01
6.14770e-01
6.13304e-01
6.11845e-01
6.10386e-01
6.08932e-01
6.07479e-01
6.06031e-01
6.04583e-01
6.03142e-01
6.01700e-01
6.00262e-01
5.98829e-01
5.97397e-01
5.95970e-01
5.94544e-01
5.93122e-01
5.91702e-01
5.90287e-01
5.88873e-01
5.87463e-01
5.86055e-01
5.84651e-01
5.83251e-01
5.81851e-01
5.80457e-01
5.79063e-01
5.77674e-01
5.76287e-01
5.74904e-01
5.73522e-01
5.72145e-01
5.70769e-01
5.69398e-01
5.68030e-01
5.66663e-01
5.65301e-01
5.63940e-01
5.62583e-01
5.61229e-01
5.59877e-01
5.58529e-01
5.57183e-01
5.55841e-01
5.54502e-01
5.53164e-01
5.51831e-01
5.50499e-01
5.49171e-01
5.47847e-01
5.46524e-01
5.45205e-01
5.43889e-01
5.42575e-01
5.41264e-01
5.39957e-01
5.38651e-01
5.37349e-01
5.36051e-01
5.34754e-01
5.33461e-01
5.32170e-01
5.30882e-01
5.29597e-01
5.28316e-01
5.27036e-01
5.25760e-01
5.24487e-01
5.23216e-01
5.21948e-01
5.20683e-01
5.19421e-01
5.18162e-01
5.16905e-01
5.15652e-01
5.14401e-01
5.13153e-01
5.11907e-01
5.10665e-01
5.09425e-01
5.08188e-01
5.06954e-01
5.05723e-01
5.04494e-01
5.03269e-01
5.02046e-01
5.00826e-01
4.99608e-01
4.98394e-01
4.97182e-01
4.95973e-01
4.94766e-01
4.93562e-01
4.92362e-01
4.91164e-01
4.89968e-01
4.88775e-01
4.87585e-01
4.86399e-01
4.85214e-01
4.84032e-01
4.82853e-01
4.81676e-01
4.80503e-01
4.79332e-01
4.78164e-01
4.76998e-01
4.75834e-01
4.74674e-01
4.73518e-01
4.72363e-01
4.71210e-01
4.70060e-01
4.68913e-01
4.67769e-01
4.66627e-01
4.65489e-01
4.64353e-01
4.63219e-01
4.62088e-01
4.60959e-01
4.59833e-01
4.58709e-01
4.57588e-01
4.56470e-01
4.55357e-01
4.54244e-01
4.53134e-01
4.52026e-01
4.50920e-01
4.49818e-01
4.48718e-01
4.47620e-01
4.46525e-01
4.45433e-01
4.44343e-01
4.43259e-01
4.42174e-01
4.41092e-01
4.40012e-01
4.38935e-01
4.37861e-01
4.36789e-01
4.35719e-01
4.34652e-01
4.33588e-01
4.32526e-01
4.31467e-01
4.30410e-01
4.29355e-01
4.28303e-01
4.27254e-01
4.26207e-01
4.25163e-01
4.24121e-01
4.23081e-01
4.22048e-01
4.21014e-01
4.19982e-01
4.18952e-01
4.17925e-01
4.16901e-01
4.15878e-01
4.14859e-01
4.13841e-01
4.12827e-01
4.11814e-01
4.10804e-01
4.09796e-01
4.08791e-01
4.07788e-01
4.06788e-01
4.05790e-01
4.04794e-01
4.03801e-01
4.02810e-01
4.01822e-01
4.00836e-01
3.99852e-01
3.98871e-01
3.97892e-01
3.96916e-01
3.95941e-01
3.94969e-01
3.94000e-01
3.93033e-01
3.92068e-01
3.91105e-01
3.90145e-01
3.89188e-01
3.88232e-01
3.87279e-01
3.86328e-01
3.85379e-01
3.84433e-01
3.83489e-01
3.82548e-01
3.81608e-01
3.80671e-01
3.79736e-01
3.78804e-01
3.77874e-01
3.76946e-01
3.76020e-01
3.75096e-01
3.74175e-01
3.73256e-01
3.72340e-01
3.71425e-01
3.70513e-01
3.69603e-01
3.68695e-01
3.67790e-01
3.66886e-01
3.65985e-01
3.65086e-01
3.64190e-01
3.63295e-01
3.62403e-01
3.61513e-01
3.60625e-01
3.59739e-01
3.58855e-01
3.57974e-01
3.57095e-01
3.56218e-01
3.55343e-01
3.54470e-01
3.53599e-01
3.52731e-01
3.51865e-01
3.51000e-01
3.50138e-01
3.49278e-01
3.48421e-01
3.47565e-01
3.46711e-01
3.45860e-01
3.45011e-01
3.44163e-01
3.43318e-01
3.42475e-01
3.41634e-01
3.40795e-01
3.39958e-01
3.39123e-01
3.38291e-01
3.37460e-01
3.36631e-01
3.35805e-01
3.34980e-01
3.34158e-01
3.33337e-01
3.32519e-01
3.31702e-01
3.30888e-01
3.30076e-01
3.29265e-01
3.28457e-01
3.27651e-01
3.26846e-01
3.26044e-01
3.25244e-01
3.24445e-01
3.23649e-01
3.22854e-01
3.22062e-01
3.21272e-01
3.20483e-01
3.19696e-01
3.18912e-01
3.18129e-01
3.17349e-01
3.16570e-01
3.15793e-01
3.15018e-01
3.14245e-01
3.13474e-01
3.12705e-01
3.11938e-01
3.11172e-01
3.10409e-01
3.09647e-01
3.08888e-01
3.08130e-01
3.07374e-01
3.06620e-01
3.05868e-01
3.05118e-01
3.04369e-01
3.03623e-01
3.02878e-01
3.02135e-01
3.01394e-01
3.00655e-01
2.99918e-01
2.99183e-01
2.98449e-01
2.97717e-01
2.96987e-01
2.96259e-01
2.95533e-01
2.94808e-01
2.94086e-01
2.93365e-01
2.92645e-01
2.91928e-01
2.91213e-01
2.90499e-01
2.89787e-01
2.89077e-01
2.88368e-01
2.87661e-01
2.86957e-01
2.86253e-01
2.85552e-01
2.84852e-01
2.84154e-01
2.83458e-01
2.82764e-01
2.82071e-01
2.81380e-01
2.80691e-01
2.80003e-01
2.79317e-01
2.78633e-01
2.77951e-01
2.77270e-01
2.76591e-01
2.75914e-01
2.75238e-01
2.74564e-01
2.73892e-01
2.73221e-01
2.72552e-01
2.71885e-01
2.71219e-01
2.70555e-01
2.69893e-01
2.69232e-01
2.68573e-01
2.67916e-01
2.67260e-01
2.66606e-01
2.65954e-01
2.65303e-01
2.64654e-01
2.64006e-01
2.63360e-01
2.62716e-01
2.62073e-01
2.61432e-01
2.60792e-01
2.60154e-01
2.59518e-01
2.58883e-01
2.58250e-01
2.57618e-01
2.56988e-01
2.56359e-01
2.55733e-01
2.55107e-01
2.54483e-01
2.53861e-01
2.53240e-01
2.52621e-01
2.52004e-01
2.51387e-01
2.50773e-01
2.50160e-01
2.49548e-01
2.48938e-01
2.48330e-01
2.47723e-01
2.47118e-01
2.46514e-01
2.45911e-01
2.45310e-01
2.44711e-01
2.44113e-01
2.43517e-01
2.42922e-01
2.42328e-01
2.41736e-01
2.41146e-01
2.40557e-01
2.39969e-01
2.39383e-01
2.38798e-01
2.38215e-01
2.37633e-01
2.37053e-01
2.36474e-01
2.35897e-01
2.35321e-01
2.34746e-01
2.34173e-01
2.33601e-01
2.33031e-01
2.32462e-01
2.31895e-01
2.31329e-01
2.30764e-01
2.30201e-01
2.29639e-01
2.29079e-01
2.28520e-01
2.27962e-01
2.27406e-01
2.26851e-01
2.26298e-01
2.25746e-01
2.25195e-01
2.24645e-01
2.24098e-01
2.23551e-01
2.23006e-01
2.22462e-01
2.21919e-01
2.21378e-01
2.20838e-01
2.20300e-01
2.19762e-01
2.19227e-01
2.18692e-01
2.18159e-01
2.17627e-01
2.17097e-01
2.16567e-01
2.16039e-01
2.15513e-01
2.14988e-01
2.14464e-01
2.13941e-01
2.13420e-01
2.12900e-01
2.12381e-01
2.11863e-01
2.11347e-01
2.10832e-01
2.10318e-01
2.09806e-01
2.09295e-01
2.08785e-01
2.08277e-01
2.07769e-01
2.07263e-01
2.06759e-01
2.06255e-01
2.05753e-01
2.05252e-01
2.04752e-01
2.04253e-01
2.03756e-01
2.03260e-01
2.02765e-01
2.02272e-01
2.01779e-01
2.01288e-01
2.00798e-01
2.00309e-01
1.99822e-01
1.99336e-01
1.98851e-01
1.98367e-01
1.97884e-01
1.97403e-01
1.96922e-01
1.96443e-01
1.95965e-01
1.95489e-01
1.95013e-01
1.94539e-01
1.94065e-01
1.93593e-01
1.93123e-01
1.92653e-01
1.92184e-01
1.91717e-01
1.91251e-01
1.90786e-01
1.90322e-01
1.89859e-01
1.89398e-01
1.88937e-01
1.88478e-01
1.88020e-01
1.87563e-01
1.87107e-01
1.86652e-01
1.86199e-01
1.85746e-01
1.85295e-01
1.84844e-01
1.84395e-01
1.83947e-01
1.83500e-01
1.83055e-01
1.82610e-01
1.82166e-01
1.81724e-01
1.81282e-01
1.80842e-01
1.80403e-01
1.79965e-01
1.79528e-01
1.79092e-01
1.78657e-01
1.78223e-01
1.77790e-01
1.77359e-01
1.76928e-01
1.76499e-01
1.76070e-01
1.75643e-01
1.75216e-01
1.74791e-01
1.74367e-01
1.73944e-01
1.73522e-01
1.73100e-01
1.72680e-01
1.72261e-01
1.71843e-01
1.71427e-01
1.71011e-01
1.70596e-01
1.70182e-01
1.69769e-01
1.69357e-01
1.68947e-01
1.68537e-01
1.68128e-01
1.67720e-01
1.67314e-01
1.66908e-01
1.66503e-01
1.66099e-01
1.65697e-01
1.65295e-01
1.64894e-01
1.64495e-01
1.64096e-01
1.63698e-01
1.63301e-01
1.62905e-01
1.62511e-01
1.62117e-01
1.61724e-01
1.61332e-01
1.60941e-01
1.60551e-01
1.60162e-01
1.59774e-01
1.59387e-01
1.59001e-01
1.58616e-01
1.58232e-01
1.57848e-01
1.57466e-01
1.57085e-01
1.56704e-01
1.56325e-01
1.55946e-01
1.55569e-01
1.55192e-01
1.54816e-01
1.54441e-01
1.54067e-01
1.53694e-01
1.53322e-01
1.52951e-01
1.52581e-01
1.52212e-01
1.51843e-01
1.51476e-01
1.51109e-01
1.50744e-01
1.50379e-01
1.50015e-01
1.49652e-01
1.49290e-01
1.48929e-01
1.48569e-01
1.48209e-01
1.47851e-01
1.47493e-01
1.47136e-01
1.46781e-01
1.46426e-01
1.46071e-01
1.45718e-01
1.45366e-01
1.45014e-01
1.44664e-01
1.44314e-01
1.43965e-01
1.43617e-01
1.43270e-01
1.42924e-01
1.42578e-01
1.42234e-01
1.41890e-01
1.41547e-01
1.41205e-01
1.40864e-01
1.40523e-01
1.40184e-01
1.39845e-01
1.39507e-01
1.39170e-01
1.38834e-01
1.38499e-01
1.38164e-01
1.37830e-01
1.37497e-01
1.37165e-01
1.36834e-01
1.36504e-01
1.36174e-01
1.35845e-01
1.35517e-01
1.35190e-01
1.34864e-01
1.34538e-01
1.34213e-01
1.33889e-01
1.33566e-01
1.33244e-01
1.32922e-01
1.32601e-01
1.32281e-01
1.31962e-01
1.31644e-01
1.31326e-01
1.31009e-01
1.30693e-01
1.30378e-01
1.30063e-01
1.29749e-01
1.29436e-01
1.29124e-01
1.28813e-01
1.28502e-01
1.28192e-01
1.27883e-01
1.27575e-01
1.27267e-01
1.26960e-01
1.26654e-01
1.26349e-01
1.26044e-01
1.25740e-01
1.25437e-01
1.25135e-01
1.24833e-01
1.24532e-01
1.24232e-01
1.23932e-01
1.23634e-01
1.23336e-01
1.23039e-01
1.22742e-01
1.22446e-01
1.22151e-01
1.21857e-01
1.21564e-01
1.21271e-01
1.20979e-01
1.20687e-01
1.20396e-01
1.20107e-01
1.19817e-01
1.19529e-01
1.19241e-01
1.18954e-01
1.18667e-01
1.18382e-01
1.18097e-01
1.17812e-01
1.17529e-01
1.17246e-01
1.16963e-01
1.16682e-01
1.16401e-01
1.16121e-01
1.15841e-01
1.15563e-01
1.15285e-01
1.15007e-01
1.14730e-01
1.14454e-01
1.14179e-01
1.13904e-01
1.13630e-01
1.13357e-01
1.13084e-01
1.12812e-01
1.12541e-01
1.12270e-01
1.12000e-01
1.11731e-01
1.11462e-01
1.11194e-01
1.10927e-01
1.10660e-01
1.10394e-01
1.10129e-01
1.09864e-01
1.09600e-01
1.09336e-01
1.09073e-01
1.08811e-01
1.08550e-01
1.08289e-01
1.08029e-01
1.07769e-01
1.07510e-01
1.07252e-01
1.06994e-01
1.06737e-01
1.06481e-01
1.06225e-01
1.05970e-01
1.05715e-01
1.05461e-01
1.05208e-01
1.04955e-01
1.04703e-01
1.04452e-01
1.04201e-01
1.03951e-01
1.03701e-01
1.03452e-01
1.03204e-01
1.02956e-01
1.02709e-01
1.02462e-01
1.02216e-01
1.01971e-01
1.01726e-01
1.01482e-01
1.01238e-01
1.00995e-01
1.00753e-01
1.00511e-01
1.00270e-01
1.00030e-01
9.97895e-02
9.95501e-02
9.93113e-02
9.90730e-02
9.88354e-02
9.85983e-02
9.83618e-02
9.81259e-02
9.78906e-02
9.76558e-02
9.74217e-02
9.71881e-02
9.69550e-02
9.67226e-02
9.64907e-02
9.62593e-02
9.60286e-02
9.57984e-02
9.55687e-02
9.53397e-02
9.51111e-02
9.48832e-02
9.46558e-02
9.44290e-02
9.42027e-02
9.39769e-02
9.37518e-02
9.35271e-02
9.33031e-02
9.30795e-02
9.28565e-02
9.26341e-02
9.24122e-02
9.21909e-02
9.19701e-02
9.17498e-02
9.15300e-02
9.13109e-02
9.10922e-02
9.08741e-02
9.06565e-02
9.04394e-02
9.02229e-02
9.00069e-02
8.97914e-02
8.95765e-02
8.93621e-02
8.91482e-02
8.89348e-02
8.87219e-02
8.85096e-02
8.82978e-02
8.80865e-02
8.78757e-02
8.76655e-02
8.74557e-02
8.72465e-02
8.70377e-02
8.68295e-02
8.66218e-02
8.64146e-02
8.62079e-02
8.60017e-02
8.57960e-02
8.55908e-02
8.53862e-02
8.51820e-02
8.49783e-02
8.47751e-02
8.45724e-02
8.43702e-02
8.41685e-02
8.39673e-02
8.37666e-02
8.35663e-02
8.33666e-02
8.31673e-02
8.29686e-02
8.27703e-02
8.25725e-02
8.23752e-02
8.21783e-02
8.19820e-02
8.17861e-02
8.15907e-02
8.13958e-02
8.12013e-02
8.10073e-02
8.08138e-02
8.06208e-02
8.04282e-02
8.02361e-02
8.00445e-02
7.98534e-02
7.96627e-02
7.94725e-02
7.92827e-02
7.90934e-02
7.89046e-02
7.87162e-02
7.85283e-02
7.83408e-02
7.81538e-02
7.79673e-02
7.77812e-02
7.75955e-02
7.74104e-02
7.72256e-02
7.70413e-02
7.68575e-02
7.66741e-02
7.64912e-02
7.63087e-02
7.61266e-02
7.59450e-02
7.57638e-02
7.55831e-02
7.54028e-02
7.52230e-02
7.50436e-02
7.48646e-02
7.46861e-02
7.45080e-02
7.43303e-02
7.41531e-02
7.39763e-02
7.37999e-02
7.36239e-02
7.34484e-02
7.32733e-02
7.30987e-02
7.29244e-02
7.27506e-02
7.25772e-02
7.24043e-02
7.22317e-02
7.20596e-02
7.18879e-02
7.17166e-02
7.15457e-02
7.13752e-02
7.12052e-02
7.10356e-02
7.08663e-02
7.06975e-02
7.05291e-02
7.03612e-02
7.01936e-02
7.00264e-02
6.98596e-02
6.96933e-02
6.95273e-02
6.93618e-02
6.91966e-02
6.90319e-02
6.88675e-02
6.87036e-02
6.85400e-02
6.83769e-02
6.82141e-02
6.80517e-02
6.78898e-02
6.77282e-02
6.75670e-02
6.74062e-02
6.72458e-02
6.70858e-02
6.69262e-02
6.67670e-02
6.66081e-02
6.64496e-02
6.62916e-02
6.61339e-02
6.59766e-02
6.58196e-02
6.56631e-02
6.55069e-02
6.53511e-02
6.51957e-02
6.50407e-02
6.48860e-02
6.47317e-02
6.45778e-02
6.44243e-02
6.42711e-02
6.41184e-02
6.39659e-02
6.38139e-02
6.36622e-02
6.35109e-02
6.33599e-02
6.32094e-02
6.30592e-02
6.29093e-02
6.27598e-02
6.26107e-02
6.24619e-02
6.23135e-02
6.21655e-02
6.20178e-02
6.18705e-02
6.17235e-02
6.15769e-02
6.14306e-02
6.12847e-02
6.11392e-02
6.09940e-02
6.08492e-02
6.07047e-02
6.05605e-02
6.04167e-02
6.02733e-02
6.01302e-02
5.99874e-02
5.98450e-02
5.97030e-02
5.95613e-02
5.94199e-02
5.92789e-02
5.91382e-02
5.89978e-02
5.88578e-02
5.87182e-02
5.85788e-02
5.84398e-02
5.83012e-02
5.81629e-02
5.80249e-02
5.78872e-02
5.77499e-02
5.76129e-02
5.74763e-02
5.73399e-02
5.72039e-02
5.70683e-02
5.69329e-02
5.67979e-02
5.66633e-02
5.65289e-02
5.63949e-02
5.62612e-02
5.61278e-02
5.59947e-02
5.58620e-02
5.57296e-02
5.55975e-02
5.54657e-02
5.53342e-02
5.52031e-02
5.50723e-02
5.49418e-02
5.48116e-02
5.46817e-02
5.45521e-02
5.44229e-02
5.42939e-02
5.41653e-02
5.40370e-02
5.39090e-02
5.37813e-02
5.36539e-02
5.35268e-02
5.34001e-02
5.32736e-02
5.31474e-02
5.30216e-02
5.28960e-02
5.27708e-02
5.26458e-02
5.25212e-02
5.23968e-02
5.22728e-02
5.21491e-02
5.20256e-02
5.19025e-02
5.17796e-02
5.16571e-02
5.15348e-02
5.14129e-02
5.12912e-02
5.11698e-02
5.10487e-02
5.09280e-02
5.08075e-02
5.06873e-02
5.05673e-02
5.04477e-02
5.03284e-02
5.02093e-02
5.00906e-02
4.99721e-02
4.98539e-02
4.97360e-02
4.96184e-02
4.95011e-02
4.93840e-02
4.92672e-02
4.91508e-02
4.90346e-02
4.89186e-02
4.88030e-02
4.86876e-02
4.85725e-02
4.84577e-02
4.83432e-02
4.82289e-02
4.81149e-02
4.80012e-02
4.78878e-02
4.77746e-02
4.76617e-02
4.75491e-02
4.74368e-02
4.73247e-02
4.72129e-02
4.71014e-02
4.69901e-02
4.68791e-02
4.67684e-02
4.66579e-02
4.65477e-02
4.64378e-02
4.63281e-02
4.62187e-02
4.61096e-02
4.60007e-02
4.58921e-02
4.57837e-02
4.56756e-02
4.55678e-02
4.54602e-02
4.53529e-02
4.52459e-02
4.51391e-02
4.50325e-02
4.49263e-02
4.48202e-02
4.47145e-02
4.46089e-02
4.45037e-02
4.43987e-02
4.42939e-02
4.41894e-02
4.40852e-02
4.39812e-02
4.38774e-02
4.37739e-02
4.36707e-02
4.35676e-02
4.34649e-02
4.33624e-02
4.32601e-02
4.31581e-02
4.30563e-02
4.29548e-02
4.28535e-02
4.27525e-02
4.26517e-02
4.25511e-02
4.24508e-02
4.23507e-02
4.22509e-02
4.21513e-02
4.20520e-02
4.19529e-02
4.18540e-02
4.17554e-02
4.16570e-02
4.15588e-02
4.14609e-02
4.13632e-02
4.12657e-02
4.11685e-02
4.10715e-02
4.09748e-02
4.08782e-02
4.07819e-02
4.06859e-02
4.05901e-02
4.04945e-02
4.03991e-02
4.03039e-02
4.02090e-02
4.01143e-02
4.00199e-02
3.99257e-02
3.98317e-02
3.97379e-02
3.96443e-02
3.95510e-02
3.94579e-02
3.93650e-02
3.92724e-02
3.91799e-02
3.90877e-02
3.89957e-02
3.89039e-02
3.88124e-02
3.87211e-02
3.86300e-02
3.85391e-02
3.84484e-02
3.83579e-02
3.82677e-02
3.81777e-02
3.80879e-02
3.79983e-02
3.79089e-02
3.78197e-02
3.77308e-02
3.76420e-02
3.75535e-02
3.74652e-02
3.73771e-02
3.72892e-02
3.72015e-02
3.71141e-02
3.70268e-02
3.69398e-02
3.68529e-02
3.67663e-02
3.66799e-02
3.65937e-02
3.65076e-02
3.64218e-02
3.63362e-02
3.62508e-02
3.61657e-02
3.60807e-02
3.59959e-02
3.59113e-02
3.58269e-02
3.57428e-02
3.56588e-02
3.55750e-02
3.54915e-02
3.54081e-02
3.53249e-02
3.52419e-02
3.51592e-02
3.50766e-02
3.49942e-02
3.49120e-02
3.48301e-02
3.47483e-02
3.46667e-02
3.45853e-02
3.45041e-02
3.44231e-02
3.43423e-02
3.42617e-02
3.41812e-02
3.41010e-02
3.40210e-02
3.39411e-02
3.38615e-02
3.37820e-02
3.37027e-02
3.36236e-02
3.35447e-02
3.34660e-02
3.33875e-02
3.33092e-02
3.32310e-02
3.31531e-02
3.30753e-02
3.29977e-02
3.29203e-02
3.28431e-02
3.27660e-02
3.26892e-02
3.26125e-02
3.25361e-02
3.24598e-02
3.23836e-02
3.23077e-02
3.22320e-02
3.21564e-02
3.20810e-02
3.20058e-02
3.19308e-02
3.18559e-02
3.17812e-02
3.17067e-02
3.16324e-02
3.15583e-02
3.14843e-02
3.14105e-02
3.13369e-02
3.12635e-02
3.11903e-02
3.11172e-02
3.10443e-02
3.09715e-02
3.08990e-02
3.08266e-02
3.07544e-02
3.06823e-02
3.06105e-02
3.05388e-02
3.04672e-02
3.03959e-02
3.03247e-02
3.02537e-02
3.01828e-02
3.01122e-02
3.00417e-02
2.99713e-02
2.99011e-02
2.98311e-02
2.97613e-02
2.96916e-02
2.96221e-02
2.95528e-02
2.94836e-02
2.94146e-02
2.93458e-02
2.92771e-02
2.92086e-02
2.91402e-02
2.90720e-02
2.90040e-02
2.89361e-02
2.88684e-02
2.88009e-02
2.87335e-02
2.86663e-02
2.85992e-02
2.85323e-02
2.84656e-02
2.83990e-02
2.83326e-02
2.82663e-02
2.82002e-02
2.81343e-02
2.80685e-02
2.80029e-02
2.79374e-02
2.78721e-02
2.78069e-02
2.77419e-02
2.76770e-02
2.76123e-02
2.75478e-02
2.74834e-02
2.74192e-02
2.73551e-02
2.72911e-02
2.72274e-02
2.71637e-02
2.71002e-02
2.70369e-02
2.69737e-02
2.69107e-02
2.68478e-02
2.67851e-02
2.67225e-02
2.66601e-02
2.65978e-02
2.65357e-02
2.64737e-02
2.64119e-02
2.63502e-02
2.62887e-02
2.62273e-02
2.61660e-02
2.61049e-02
2.60440e-02
2.59831e-02
2.59225e-02
2.58619e-02
2.58016e-02
2.57413e-02
2.56812e-02
2.56213e-02
2.55615e-02
2.55018e-02
2.54423e-02
2.53829e-02
2.53237e-02
2.52646e-02
2.52056e-02
2.51468e-02
2.50881e-02
2.50296e-02
2.49712e-02
2.49129e-02
2.48548e-02
2.47968e-02
2.47390e-02
2.46813e-02
2.46237e-02
2.45662e-02
2.45089e-02
2.44518e-02
2.43948e-02
2.43379e-02
2.42811e-02
2.42245e-02
2.41680e-02
2.41116e-02
2.40554e-02
2.39993e-02
2.39434e-02
2.38876e-02
2.38319e-02
2.37763e-02
2.37209e-02
2.36656e-02
2.36105e-02
2.35554e-02
2.35005e-02
2.34458e-02
2.33911e-02
2.33366e-02
2.32822e-02
2.32280e-02
2.31739e-02
2.31199e-02
2.30660e-02
2.30123e-02
2.29587e-02
2.29052e-02
2.28518e-02
2.27986e-02
2.27455e-02
2.26925e-02
2.26397e-02
2.25870e-02
2.25344e-02
2.24819e-02
2.24295e-02
2.23773e-02
2.23252e-02
2.22732e-02
2.22214e-02
2.21696e-02
2.21180e-02
2.20666e-02
2.20152e-02
2.19639e-02
2.19128e-02
2.18618e-02
2.18109e-02
2.17602e-02
2.17095e-02
2.16590e-02
2.16086e-02
2.15583e-02
2.15082e-02
2.14581e-02
2.14082e-02
2.13584e-02
2.13087e-02
2.12592e-02
2.12097e-02
2.11604e-02
2.11112e-02
2.10621e-02
2.10131e-02
2.09642e-02
2.09155e-02
2.08668e-02
2.08183e-02
2.07699e-02
2.07216e-02
2.06734e-02
2.06254e-02
2.05774e-02
2.05296e-02
2.04818e-02
2.04342e-02
2.03867e-02
2.03394e-02
2.02921e-02
2.02449e-02
2.01979e-02
2.01509e-02
2.01041e-02
2.00574e-02
2.00108e-02
1.99643e-02
1.99179e-02
1.98716e-02
1.98255e-02
1.97794e-02
1.97335e-02
1.96876e-02
1.96419e-02
1.95963e-02
1.95508e-02
1.95053e-02
1.94600e-02
1.94149e-02
1.93698e-02
1.93248e-02
1.92799e-02
1.92352e-02
1.91905e-02
1.91459e-02
1.91015e-02
1.90571e-02
1.90129e-02
1.89688e-02
1.89247e-02
1.88808e-02
1.88370e-02
1.87933e-02
1.87497e-02
1.87061e-02
1.86627e-02
1.86194e-02
1.85762e-02
1.85331e-02
1.84901e-02
1.84472e-02
1.84044e-02
1.83617e-02
1.83191e-02
1.82766e-02
1.82342e-02
1.81919e-02
1.81497e-02
1.81076e-02
1.80657e-02
1.80238e-02
1.79820e-02
1.79403e-02
1.78987e-02
1.78572e-02
1.78157e-02
1.77744e-02
1.77332e-02
1.76921e-02
1.76511e-02
1.76102e-02
1.75694e-02
1.75286e-02
1.74880e-02
1.74475e-02
1.74070e-02
1.73667e-02
1.73265e-02
1.72863e-02
1.72462e-02
1.72063e-02
1.71664e-02
1.71266e-02
1.70870e-02
1.70474e-02
1.70079e-02
1.69685e-02
1.69292e-02
1.68900e-02
1.68508e-02
1.68118e-02
1.67729e-02
1.67340e-02
1.66953e-02
1.66566e-02
1.66180e-02
1.65795e-02
1.65412e-02
1.65029e-02
1.64646e-02
1.64265e-02
1.63885e-02
1.63506e-02
1.63127e-02
1.62749e-02
1.62373e-02
1.61997e-02
1.61622e-02
1.61248e-02
1.60875e-02
1.60502e-02
1.60131e-02
1.59760e-02
1.59391e-02
1.59022e-02
1.58654e-02
1.58287e-02
1.57921e-02
1.57555e-02
1.57191e-02
1.56827e-02
1.56464e-02
1.56102e-02
1.55741e-02
1.55381e-02
1.55022e-02
1.54663e-02
1.54306e-02
1.53949e-02
1.53593e-02
1.53238e-02
1.52883e-02
1.52530e-02
1.52177e-02
1.51825e-02
1.51474e-02
1.51124e-02
1.50775e-02
1.50426e-02
1.50078e-02
1.49732e-02
1.49386e-02
1.49040e-02
1.48696e-02
1.48352e-02
1.48009e-02
1.47667e-02
1.47326e-02
1.46986e-02
1.46646e-02
1.46307e-02
1.45969e-02
1.45632e-02
1.45296e-02
1.44960e-02
1.44625e-02
1.44291e-02
1.43958e-02
1.43625e-02
1.43294e-02
1.42963e-02
1.42632e-02
1.42303e-02
1.41974e-02
1.41647e-02
1.41320e-02
1.40993e-02
1.40668e-02
1.40343e-02
1.40019e-02
1.39696e-02
1.39373e-02
1.39052e-02
1.38731e-02
1.38410e-02
1.38091e-02
1.37772e-02
1.37454e-02
1.37137e-02
1.36821e-02
1.36505e-02
1.36190e-02
1.35876e-02
1.35562e-02
1.35249e-02
1.34937e-02
1.34626e-02
1.34315e-02
1.34006e-02
1.33696e-02
1.33388e-02
1.33080e-02
1.32773e-02
1.32467e-02
1.32162e-02
1.31857e-02
1.31553e-02
1.31249e-02
1.30947e-02
1.30645e-02
1.30344e-02
1.30043e-02
1.29743e-02
1.29444e-02
1.29146e-02
1.28848e-02
1.28551e-02
1.28255e-02
1.27959e-02
1.27664e-02
1.27370e-02
1.27076e-02
1.26784e-02
1.26491e-02
1.26200e-02
1.25909e-02
1.25619e-02
1.25329e-02
1.25041e-02
1.24753e-02
1.24465e-02
1.24178e-02
1.23892e-02
1.23607e-02
1.23322e-02
1.23038e-02
1.22755e-02
1.22472e-02
1.22190e-02
1.21909e-02
1.21628e-02
1.21348e-02
1.21068e-02
1.20790e-02
1.20511e-02
1.20234e-02
1.19957e-02
1.19681e-02
1.19405e-02
1.19131e-02
1.18856e-02
1.18583e-02
1.18310e-02
1.18037e-02
1.17766e-02
1.17495e-02
1.17224e-02
1.16955e-02
1.16685e-02
1.16417e-02
1.16149e-02
1.15882e-02
1.15615e-02
1.15349e-02
1.15084e-02
1.14819e-02
1.14555e-02
1.14291e-02
1.14028e-02
1.13766e-02
1.13504e-02
1.13243e-02
1.12983e-02
1.12723e-02
1.12464e-02
1.12205e-02
1.11947e-02
1.11690e-02
1.11433e-02
1.11177e-02
1.10921e-02
1.10666e-02
1.10412e-02
1.10158e-02
1.09905e-02
1.09652e-02
1.09400e-02
1.09148e-02
1.08897e-02
1.08647e-02
1.08398e-02
1.08148e-02
1.07900e-02
1.07652e-02
1.07404e-02
1.07158e-02
1.06911e-02
1.06666e-02
1.06421e-02
1.06176e-02
1.05932e-02
1.05689e-02
1.05446e-02
1.05204e-02
1.04962e-02
1.04721e-02
1.04481e-02
1.04241e-02
1.04001e-02
1.03762e-02
1.03524e-02
1.03286e-02
1.03049e-02
1.02813e-02
1.02577e-02
1.02341e-02
1.02106e-02
1.01872e-02
1.01638e-02
1.01404e-02
1.01172e-02
1.00939e-02
1.00708e-02
1.00477e-02
1.00246e-02
1.00016e-02
9.97863e-03
9.95573e-03
9.93288e-03
9.91008e-03
9.88734e-03
9.86466e-03
9.84202e-03
9.81944e-03
9.79691e-03
9.77443e-03
9.75201e-03
9.72964e-03
9.70732e-03
9.68505e-03
9.66283e-03
9.64067e-03
9.61856e-03
9.59650e-03
9.57449e-03
9.55253e-03
9.53062e-03
9.50877e-03
9.48696e-03
9.46521e-03
9.44351e-03
9.42186e-03
9.40025e-03
9.37870e-03
9.35720e-03
9.33575e-03
9.31435e-03
9.29300e-03
9.27170e-03
9.25044e-03
9.22924e-03
9.20809e-03
9.18699e-03
9.16593e-03
9.14493e-03
9.12397e-03
9.10306e-03
9.08220e-03
9.06139e-03
9.04063e-03
9.01992e-03
8.99925e-03
8.97864e-03
8.95807e-03
8.93755e-03
8.91707e-03
8.89665e-03
8.87627e-03
8.85594e-03
8.83566e-03
8.81542e-03
8.79523e-03
8.77509e-03
8.75500e-03
8.73495e-03
8.71495e-03
8.69499e-03
8.67508e-03
8.65522e-03
8.63541e-03
8.61564e-03
8.59591e-03
8.57624e-03
8.55660e-03
8.53702e-03
8.51748e-03
8.49798e-03
8.47853e-03
8.45913e-03
8.43977e-03
8.42045e-03
8.40118e-03
8.38196e-03
8.36278e-03
8.34364e-03
8.32455e-03
8.30551e-03
8.28651e-03
8.26755e-03
8.24863e-03
8.22976e-03
8.21094e-03
8.19216e-03
8.17342e-03
8.15472e-03
8.13607e-03
8.11746e-03
8.09890e-03
8.08038e-03
8.06190e-03
8.04347e-03
8.02507e-03
8.00672e-03
7.98842e-03
7.97015e-03
7.95193e-03
7.93375e-03
7.91561e-03
7.89752e-03
7.87946e-03
7.86145e-03
7.84348e-03
7.82555e-03
7.80767e-03
7.78982e-03
7.77202e-03
7.75426e-03
7.73654e-03
7.71886e-03
7.70122e-03
7.68362e-03
7.66607e-03
7.64855e-03
7.63108e-03
7.61364e-03
7.59625e-03
7.57890e-03
7.56158e-03
7.54431e-03
7.52708e-03
7.50988e-03
7.49273e-03
7.47562e-03
7.45854e-03
7.44151e-03
7.42452e-03
7.40756e-03
7.39065e-03
7.37377e-03
7.35693e-03
7.34014e-03
7.32338e-03
7.30666e-03
7.28998e-03
7.27333e-03
7.25673e-03
7.24016e-03
7.22364e-03
7.20715e-03
7.19070e-03
7.17429e-03
7.15791e-03
7.14158e-03
7.12528e-03
7.10902e-03
7.09280e-03
7.07661e-03
7.06046e-03
7.04435e-03
7.02828e-03
7.01224e-03
6.99625e-03
6.98029e-03
6.96436e-03
6.94847e-03
6.93262e-03
6.91681e-03
6.90103e-03
6.88529e-03
6.86959e-03
6.85392e-03
6.83829e-03
6.82270e-03
6.80714e-03
6.79161e-03
6.77613e-03
6.76068e-03
6.74526e-03
6.72988e-03
6.71454e-03
6.69923e-03
6.68396e-03
6.66872e-03
6.65352e-03
6.63835e-03
6.62322e-03
6.60812e-03
6.59306e-03
6.57804e-03
6.56304e-03
6.54809e-03
6.53316e-03
6.51828e-03
6.50342e-03
6.48860e-03
6.47382e-03
6.45907e-03
6.44435e-03
6.42967e-03
6.41502e-03
6.40041e-03
6.38583e-03
6.37128e-03
6.35677e-03
6.34229e-03
6.32784e-03
6.31343e-03
6.29905e-03
6.28470e-03
6.27039e-03
6.25611e-03
6.24187e-03
6.22765e-03
6.21347e-03
6.19932e-03
6.18521e-03
6.17113e-03
6.15708e-03
6.14306e-03
6.12907e-03
6.11512e-03
6.10120e-03
6.08731e-03
6.07346e-03
6.05963e-03
6.04584e-03
6.03208e-03
6.01835e-03
6.00466e-03
5.99099e-03
5.97736e-03
5.96376e-03
5.95019e-03
5.93665e-03
5.92314e-03
5.90966e-03
5.89622e-03
5.88280e-03
5.86942e-03
5.85607e-03
5.84275e-03
5.82946e-03
5.81620e-03
5.80297e-03
5.78977e-03
5.77660e-03
5.76346e-03
5.75036e-03
5.73728e-03
5.72423e-03
5.71122e-03
5.69823e-03
5.68527e-03
5.67235e-03
5.65945e-03
5.64658e-03
5.63374e-03
5.62094e-03
5.60816e-03
5.59541e-03
5.58269e-03
5.57000e-03
5.55734e-03
5.54471e-03
5.53211e-03
5.51954e-03
5.50699e-03
5.49448e-03
5.48199e-03
5.46953e-03
5.45711e-03
5.44471e-03
5.43233e-03
5.41999e-03
5.40768e-03
5.39539e-03
5.38313e-03
5.37091e-03
5.35871e-03
5.34653e-03
5.33439e-03
5.32227e-03
5.31018e-03
5.29812e-03
5.28609e-03
5.27408e-03
5.26211e-03
5.25016e-03
5.23824e-03
5.22634e-03
5.21447e-03
5.20263e-03
5.19082e-03
5.17904e-03
5.16728e-03
5.15555e-03
5.14384e-03
5.13217e-03
5.12052e-03
5.10889e-03
5.09730e-03
5.08573e-03
5.07418e-03
5.06267e-03
5.05118e-03
5.03972e-03
5.02828e-03
5.01687e-03
5.00548e-03
4.99413e-03
4.98279e-03
4.97149e-03
4.96021e-03
4.94896e-03
4.93773e-03
4.92653e-03
4.91535e-03
4.90420e-03
4.89308e-03
4.88198e-03
4.87090e-03
4.85986e-03
4.84883e-03
4.83784e-03
4.82686e-03
4.81592e-03
4.80500e-03
4.79410e-03
4.78323e-03
4.77238e-03
4.76156e-03
4.75077e-03
4.74000e-03
4.72925e-03
4.71853e-03
4.70783e-03
4.69716e-03
4.68651e-03
4.67589e-03
4.66529e-03
4.65472e-03
4.64417e-03
4.63364e-03
4.62314e-03
4.61266e-03
4.60221e-03
4.59178e-03
4.58138e-03
4.57099e-03
4.56064e-03
4.55030e-03
4.53999e-03
4.52971e-03
4.51945e-03
4.50921e-03
4.49899e-03
4.48880e-03
4.47863e-03
4.46849e-03
4.45837e-03
4.44827e-03
4.43819e-03
4.42814e-03
4.41811e-03
4.40811e-03
4.39813e-03
4.38817e-03
4.37823e-03
4.36832e-03
4.35843e-03
4.34856e-03
4.33871e-03
4.32889e-03
4.31909e-03
4.30931e-03
4.29956e-03
4.28982e-03
4.28011e-03
4.27042e-03
4.26076e-03
4.25111e-03
4.24149e-03
4.23189e-03
4.22232e-03
4.21276e-03
4.20323e-03
4.19372e-03
4.18423e-03
4.17476e-03
4.16531e-03
4.15589e-03
4.14649e-03
4.13711e-03
4.12775e-03
4.11841e-03
4.10909e-03
4.09980e-03
4.09052e-03
4.08127e-03
4.07204e-03
4.06283e-03
4.05364e-03
4.04447e-03
4.03533e-03
4.02620e-03
4.01709e-03
4.00801e-03
3.99895e-03
3.98991e-03
3.98088e-03
3.97188e-03
3.96290e-03
3.95394e-03
3.94501e-03
3.93609e-03
3.92719e-03
3.91831e-03
3.90945e-03
3.90062e-03
3.89180e-03
3.88301e-03
3.87423e-03
3.86547e-03
3.85674e-03
3.84802e-03
3.83933e-03
3.83065e-03
3.82199e-03
3.81336e-03
3.80474e-03
3.79615e-03
3.78757e-03
3.77901e-03
3.77048e-03
3.76196e-03
3.75346e-03
3.74498e-03
3.73652e-03
3.72808e-03
3.71966e-03
3.71126e-03
3.70288e-03
3.69451e-03
3.68617e-03
3.67785e-03
3.66954e-03
3.66125e-03
3.65299e-03
3.64474e-03
3.63651e-03
3.62830e-03
3.62011e-03
3.61193e-03
3.60378e-03
3.59564e-03
3.58753e-03
3.57943e-03
3.57135e-03
3.56329e-03
3.55524e-03
3.54722e-03
3.53921e-03
3.53123e-03
3.52326e-03
3.51531e-03
3.50737e-03
3.49946e-03
3.49156e-03
3.48368e-03
3.47582e-03
3.46798e-03
3.46016e-03
3.45235e-03
3.44456e-03
3.43679e-03
3.42904e-03
3.42130e-03
3.41358e-03
3.40588e-03
3.39820e-03
3.39054e-03
3.38289e-03
3.37526e-03
3.36765e-03
3.36005e-03
3.35248e-03
3.34492e-03
3.33737e-03
3.32985e-03
3.32234e-03
3.31485e-03
3.30738e-03
3.29992e-03
3.29248e-03
3.28506e-03
3.27765e-03
3.27026e-03
3.26289e-03
3.25554e-03
3.24820e-03
3.24088e-03
3.23357e-03
3.22628e-03
3.21901e-03
3.21176e-03
3.20452e-03
3.19730e-03
3.19009e-03
3.18291e-03
3.17573e-03
3.16858e-03
3.16144e-03
3.15432e-03
3.14721e-03
3.14012e-03
3.13305e-03
3.12599e-03
3.11895e-03
3.11192e-03
3.10491e-03
3.09792e-03
3.09094e-03
3.08398e-03
3.07703e-03
3.07010e-03
3.06319e-03
3.05629e-03
3.04941e-03
3.04254e-03
3.03569e-03
3.02886e-03
3.02204e-03
3.01523e-03
3.00844e-03
3.00167e-03
2.99491e-03
2.98817e-03
2.98144e-03
2.97473e-03
2.96804e-03
2.96136e-03
2.95469e-03
2.94804e-03
2.94140e-03
2.93479e-03
2.92818e-03
2.92159e-03
2.91502e-03
2.90846e-03
2.90191e-03
2.89538e-03
2.88887e-03
2.88237e-03
2.87588e-03
2.86941e-03
2.86296e-03
2.85652e-03
2.85009e-03
2.84368e-03
2.83728e-03
2.83090e-03
2.82453e-03
2.81818e-03
2.81184e-03
2.80552e-03
2.79921e-03
2.79291e-03
2.78663e-03
2.78036e-03
2.77411e-03
2.76787e-03
2.76165e-03
2.75544e-03
2.74925e-03
2.74306e-03
2.73690e-03
2.73074e-03
2.72461e-03
2.71848e-03
2.71237e-03
2.70627e-03
2.70019e-03
2.69412e-03
2.68806e-03
2.68202e-03
2.67600e-03
2.66998e-03
2.66398e-03
2.65799e-03
2.65202e-03
2.64606e-03
2.64012e-03
2.63418e-03
2.62827e-03
2.62236e-03
2.61647e-03
2.61059e-03
2.60473e-03
2.59887e-03
2.59304e-03
2.58721e-03
2.58140e-03
2.57560e-03
2.56982e-03
2.56404e-03
2.55828e-03
2.55254e-03
2.54681e-03
2.54109e-03
2.53538e-03
2.52969e-03
2.52401e-03
2.51834e-03
2.51268e-03
2.50704e-03
2.50141e-03
2.49580e-03
2.49019e-03
2.48460e-03
2.47903e-03
2.47346e-03
2.46791e-03
2.46237e-03
2.45684e-03
2.45133e-03
2.44582e-03
2.44033e-03
2.43486e-03
2.42939e-03
2.42394e-03
2.41850e-03
2.41307e-03
2.40766e-03
2.40226e-03
2.39687e-03
2.39149e-03
2.38612e-03
2.38077e-03
2.37543e-03
2.37010e-03
2.36478e-03
2.35948e-03
2.35418e-03
2.34890e-03
2.34363e-03
2.33838e-03
2.33313e-03
2.32790e-03
2.32268e-03
2.31747e-03
2.31227e-03
2.30709e-03
2.30191e-03
2.29675e-03
2.29160e-03
2.28646e-03
2.28134e-03
2.27622e-03
2.27112e-03
2.26603e-03
2.26095e-03
2.25588e-03
2.25082e-03
2.24577e-03
2.24074e-03
2.23572e-03
2.23071e-03
2.22571e-03
2.22072e-03
2.21574e-03
2.21077e-03
2.20582e-03
2.20088e-03
2.19594e-03
2.19102e-03
2.18611e-03
2.18122e-03
2.17633e-03
2.17145e-03
2.16659e-03
2.16173e-03
2.15689e-03
2.15206e-03
2.14724e-03
2.14243e-03
2.13763e-03
2.13284e-03
2.12806e-03
2.12329e-03
2.11854e-03
2.11379e-03
2.10906e-03
2.10434e-03
2.09962e-03
2.09492e-03
2.09023e-03
2.08555e-03
2.08088e-03
2.07622e-03
2.07157e-03
2.06693e-03
2.06231e-03
2.05769e-03
2.05308e-03
2.04848e-03
2.04390e-03
2.03932e-03
2.03476e-03
2.03020e-03
2.02566e-03
2.02113e-03
2.01660e-03
2.01209e-03
2.00759e-03
2.00309e-03
1.99861e-03
1.99414e-03
1.98967e-03
1.98522e-03
1.98078e-03
1.97635e-03
1.97193e-03
1.96751e-03
1.96311e-03
1.95872e-03
1.95434e-03
1.94997e-03
1.94560e-03
1.94125e-03
1.93691e-03
1.93258e-03
1.92825e-03
1.92394e-03
1.91964e-03
1.91534e-03
1.91106e-03
1.90679e-03
1.90252e-03
1.89827e-03
1.89402e-03
1.88979e-03
1.88556e-03
1.88135e-03
1.87714e-03
1.87294e-03
1.86876e-03
1.86458e-03
1.86041e-03
1.85625e-03
1.85210e-03
1.84796e-03
1.84383e-03
1.83971e-03
1.83560e-03
1.83149e-03
1.82740e-03
1.82332e-03
1.81924e-03
1.81518e-03
1.81112e-03
1.80707e-03
1.80303e-03
1.79900e-03
1.79499e-03
1.79097e-03
1.78697e-03
1.78298e-03
1.77900e-03
1.77502e-03
1.77106e-03
1.76710e-03
1.76315e-03
1.75921e-03
1.75528e-03
1.75136e-03
1.74745e-03
1.74355e-03
1.73965e-03
1.73577e-03
1.73189e-03
1.72803e-03
1.72417e-03
1.72032e-03
1.71647e-03
1.71264e-03
1.70882e-03
1.70500e-03
1.70120e-03
1.69740e-03
1.69361e-03
1.68983e-03
1.68605e-03
1.68229e-03
1.67853e-03
1.67479e-03
1.67105e-03
1.66732e-03
1.66360e-03
1.65988e-03
1.65618e-03
1.65248e-03
1.64880e-03
1.64512e-03
1.64144e-03
1.63778e-03
1.63413e-03
1.63048e-03
1.62684e-03
1.62321e-03
1.61959e-03
1.61598e-03
1.61237e-03
1.60877e-03
1.60519e-03
1.60160e-03
1.59803e-03
1.59447e-03
1.59091e-03
1.58736e-03
1.58382e-03
1.58029e-03
1.57676e-03
1.57325e-03
1.56974e-03
1.56624e-03
1.56275e-03
1.55926e-03
1.55578e-03
1.55231e-03
1.54885e-03
1.54540e-03
1.54195e-03
1.53852e-03
1.53509e-03
1.53166e-03
1.52825e-03
1.52484e-03
1.52144e-03
1.51805e-03
1.51467e-03
1.51129e-03
1.50792e-03
1.50456e-03
1.50121e-03
1.49786e-03
1.49452e-03
1.49119e-03
1.48787e-03
1.48455e-03
1.48125e-03
1.47794e-03
1.47465e-03
1.47137e-03
1.46809e-03
1.46482e-03
1.46155e-03
1.45830e-03
1.45505e-03
1.45181e-03
1.44857e-03
1.44535e-03
1.44213e-03
1.43891e-03
1.43571e-03
1.43251e-03
1.42932e-03
1.42614e-03
1.42296e-03
1.41979e-03
1.41663e-03
1.41347e-03
1.41033e-03
1.40719e-03
1.40405e-03
1.40093e-03
1.39781e-03
1.39469e-03
1.39159e-03
1.38849e-03
1.38540e-03
1.38232e-03
1.37924e-03
1.37617e-03
1.37310e-03
1.37005e-03
1.36700e-03
1.36396e-03
1.36092e-03
1.35789e-03
1.35487e-03
1.35185e-03
1.34885e-03
1.34584e-03
1.34285e-03
1.33986e-03
1.33688e-03
1.33390e-03
1.33094e-03
1.32797e-03
1.32502e-03
1.32207e-03
1.31913e-03
1.31620e-03
1.31327e-03
1.31035e-03
1.30743e-03
1.30452e-03
1.30162e-03
1.29873e-03
1.29584e-03
1.29296e-03
1.29008e-03
1.28721e-03
1.28435e-03
1.28149e-03
1.27864e-03
1.27580e-03
1.27296e-03
1.27013e-03
1.26731e-03
1.26449e-03
1.26168e-03
1.25887e-03
1.25607e-03
1.25328e-03
1.25049e-03
1.24771e-03
1.24494e-03
1.24217e-03
1.23941e-03
1.23666e-03
1.23391e-03
1.23117e-03
1.22843e-03
1.22570e-03
1.22297e-03
1.22026e-03
1.21754e-03
1.21484e-03
1.21214e-03
1.20945e-03
1.20676e-03
1.20408e-03
1.20140e-03
1.19873e-03
1.19607e-03
1.19341e-03
1.19076e-03
1.18811e-03
1.18548e-03
1.18284e-03
1.18021e-03
1.17759e-03
1.17498e-03
1.17237e-03
1.16976e-03
1.16717e-03
1.16457e-03
1.16199e-03
1.15941e-03
1.15683e-03
1.15426e-03
1.15170e-03
1.14914e-03
1.14659e-03
1.14404e-03
1.14150e-03
1.13897e-03
1.13644e-03
1.13392e-03
1.13140e-03
1.12889e-03
1.12638e-03
1.12388e-03
1.12139e-03
1.11890e-03
1.11641e-03
1.11394e-03
1.11146e-03
1.10900e-03
1.10653e-03
1.10408e-03
1.10163e-03
1.09918e-03
1.09674e-03
1.09431e-03
1.09188e-03
1.08946e-03
1.08704e-03
1.08463e-03
1.08222e-03
1.07982e-03
1.07743e-03
1.07504e-03
1.07265e-03
1.07027e-03
1.06790e-03
1.06553e-03
1.06317e-03
1.06081e-03
1.05845e-03
1.05611e-03
1.05376e-03
1.05143e-03
1.04909e-03
1.04677e-03
1.04445e-03
1.04213e-03
1.03982e-03
1.03751e-03
1.03521e-03
1.03292e-03
1.03063e-03
1.02834e-03
1.02606e-03
1.02379e-03
1.02152e-03
1.01925e-03
1.01699e-03
1.01474e-03
1.01249e-03
1.01025e-03
1.00801e-03
1.00577e-03
1.00354e-03
1.00132e-03
9.99099e-04
9.98001e-01
9.98001e-01
9.98001e-01
9.98001e-01
9.98001e-01
9.98001e-01
9.98001e-01
9.98001e-01
9.98001e-01
9.98001e-01
9.98001e-01
9.98001e-01
9.98001e-01
9.98001e-01
9.98001e-01
9.98001e-01
9.98001e-01
9.98001e-01
9.98001e-01
9.98001e-01
9.98001e-01
9.98001e-01
9.98001e-01
9.98001e-01
9.98001e-01
9.98001e-01
9.98001e-01
9.98001e-01
9.98001e-01
9.98001e-01
9.98001e-01
9.98001e-01
9.98001e-01
9.98001e-01
9.98001e-01
9.98001e-01
9.98001e-01
9.98001e-01
9.98001e-01
9.98001e-01
9.98001e-01
9.98001e-01
9.98001e-01
9.98001e-01
9.98001e-01
9.98001e-01
9.98001e-01
9.98001e-01
9.98001e-01
9.98001e-01
9.98001e-01
9.96003e-01
9.94006e-01
9.92010e-01
9.90014e-01
9.88020e-01
9.86027e-01
9.84035e-01
9.82044e-01
9.80055e-01
9.78066e-01
9.76079e-01
9.74093e-01
9.72108e-01
9.70125e-01
9.68142e-01
9.66162e-01
9.64182e-01
9.62204e-01
9.60228e-01
9.58253e-01
9.56279e-01
9.54307e-01
9.52336e-01
9.50367e-01
9.48400e-01
9.46434e-01
9.44469e-01
9.42507e-01
9.40546e-01
9.38586e-01
9.36629e-01
9.34673e-01
9.32718e-01
9.30766e-01
9.28815e-01
9.26866e-01
9.24919e-01
9.22974e-01
9.21031e-01
9.19089e-01
9.17149e-01
9.15211e-01
9.13276e-01
9.11342e-01
9.09410e-01
9.07479e-01
9.05551e-01
9.03625e-01
9.01701e-01
8.99779e-01
8.97859e-01
8.95941e-01
8.94025e-01
8.92111e-01
8.90199e-01
8.88290e-01
8.86382e-01
8.84477e-01
8.82573e-01
8.80672e-01
8.78773e-01
8.76877e-01
8.74982e-01
8.73090e-01
8.71199e-01
8.69311e-01
8.67425e-01
8.65542e-01
8.63660e-01
8.61781e-01
8.59904e-01
8.58030e-01
8.56157e-01
8.54287e-01
8.52420e-01
8.50555e-01
8.48691e-01
8.46831e-01
8.44973e-01
8.43117e-01
8.41263e-01
8.39413e-01
8.37564e-01
8.35718e-01
8.33874e-01
8.32032e-01
8.30194e-01
8.28358e-01
8.26523e-01
8.24692e-01
8.22864e-01
8.21037e-01
8.19213e-01
8.17392e-01
8.15574e-01
8.13757e-01
8.11943e-01
8.10133e-01
8.08324e-01
8.06517e-01
8.04714e-01
8.02914e-01
8.01116e-01
7.99320e-01
7.97527e-01
7.95737e-01
7.93950e-01
7.92166e-01
7.90384e-01
7.88603e-01
7.86826e-01
7.85052e-01
7.83281e-01
7.81513e-01
7.79747e-01
7.77982e-01
7.76222e-01
7.74464e-01
7.72709e-01
7.70957e-01
7.69208e-01
7.67461e-01
7.65717e-01
7.63976e-01
7.62236e-01
7.60500e-01
7.58767e-01
7.57037e-01
7.55310e-01
7.53586e-01
7.51864e-01
7.50146e-01
7.48430e-01
7.46717e-01
7.45006e-01
7.43299e-01
7.41594e-01
7.39892e-01
7.38194e-01
7.36497e-01
7.34804e-01
7.33114e-01
7.31426e-01
7.29742e-01
7.28060e-01
7.26381e-01
7.24705e-01
7.23032e-01
7.21362e-01
7.19695e-01
7.18031e-01
7.16372e-01
7.14713e-01
7.13057e-01
7.11405e-01
7.09755e-01
7.08108e-01
7.06464e-01
7.04823e-01
7.03185e-01
7.01552e-01
6.99920e-01
6.98291e-01
6.96664e-01
6.95041e-01
6.93420e-01
6.91806e-01
6.90191e-01
6.88579e-01
6.86971e-01
6.85365e-01
6.83762e-01
6.82165e-01
6.80569e-01
6.78975e-01
6.77384e-01
6.75799e-01
6.74214e-01
6.72632e-01
6.71053e-01
6.69480e-01
6.67907e-01
6.66337e-01
6.64770e-01
6.63209e-01
6.61647e-01
6.60089e-01
6.58534e-01
6.56985e-01
6.55436e-01
6.53890e-01
6.52350e-01
6.50809e-01
6.49272e-01
6.47741e-01
6.46210e-01
6.44682e-01
6.43159e-01
6.41637e-01
6.40118e-01
6.38604e-01
6.37091e-01
6.35581e-01
6.34077e-01
6.32573e-01
6.31071e-01
6.29576e-01
6.28081e-01
6.26591e-01
6.25102e-01
6.23616e-01
6.22135e-01
6.20655e-01
6.19181e-01
6.17706e-01
6.16235e-01
6.14770e-01
6.13304e-01
6.11845e-01
6.10386e-01
6.08932e-01
6.07479e-01
6.06031e-01
6.04583e-01
6.03142e-01
6.01700e-01
6.00262e-01
5.98829e-01
5.97397e-01
5.95970e-01
5.94544e-01
5.93122e-01
5.91702e-01
5.90287e-01
5.88873e-01
5.87463e-01
5.86055e-01
5.84651e-01
5.83251e-01
5.81851e-01
5.80457e-01
5.79063e-01
5.77674e-01
5.76287e-01
5.74904e-01
5.73522e-01
5.72145e-01
5.70769e-01
5.69398e-01
5.68030e-01
5.66663e-01
5.65301e-01
5.63940e-01
5.62583e-01
5.61229e-01
5.59877e-01
5.58529e-01
5.57183e-01
5.55841e-01
5.54502e-01
5.53164e-01
5.51831e-01
5.50499e-01
5.49171e-01
5.47847e-01
5.46524e-01
5.45205e-01
5.43889e-01
5.42575e-01
5.41264e-01
5.39957e-01
5.38651e-01
5.37349e-01
5.36051e-01
5.34754e-01
5.33461e-01
5.32170e-01
5.30882e-01
5.29597e-01
5.28316e-01
5.27036e-01
5.25760e-01
5.24487e-01
5.23216e-01
5.21948e-01
5.20683e-01
5.19421e-01
5.18162e-01
5.16905e-01
5.15652e-01
5.14401e-01
5.13153e-01
5.11907e-01
5.10665e-01
5.09425e-01
5.08188e-01
5.06954e-01
5.05723e-01
5.04494e-01
5.03269e-01
5.02046e-01
5.00826e-01
4.99608e-01
4.98394e-01
4.97182e-01
4.95973e-01
4.94766e-01
4.93562e-01
4.92362e-01
4.91164e-01
4.89968e-01
4.88775e-01
4.87585e-01
4.86399e-01
4.85214e-01
4.84032e-01
4.82853e-01
4.81676e-01
4.80503e-01
4.79332e-01
4.78164e-01
4.76998e-01
4.75834e-01
4.74674e-01
4.73518e-01
4.72363e-01
4.71210e-01
4.70060e-01
4.68913e-01
4.67769e-01
4.66627e-01
4.65489e-01
4.64353e-01
4.63219e-01
4.62088e-01
4.60959e-01
4.59833e-01
4.58709e-01
4.57588e-01
4.56470e-01
4.55357e-01
4.54244e-01
4.53134e-01
4.52026e-01
4.50920e-01
4.49818e-01
4.48718e-01
4.47620e-01
4.46525e-01
4.45433e-01
4.44343e-01
4.43259e-01
4.42174e-01
4.41092e-01
4.40012e-01
4.38935e-01
4.37861e-01
4.36789e-01
4.35719e-01
4.34652e-01
4.33588e-01
4.32526e-01
4.31467e-01
4.30410e-01
4.29355e-01
4.28303e-01
4.27254e-01
4.26207e-01
4.25163e-01
4.24121e-01
4.23081e-01
4.22048e-01
4.21014e-01
4.19982e-01
4.18952e-01
4.17925e-01
4.16901e-01
4.15878e-01
4.14859e-01
4.13841e-01
4.12827e-01
4.11814e-01
4.10804e-01
4.09796e-01
4.08791e-01
4.07788e-01
4.06788e-01
4.05790e-01
4.04794e-01
4.03801e-01
4.02810e-01
4.01822e-01
4.00836e-01
3.99852e-01
3.98871e-01
3.97892e-01
3.96916e-01
3.95941e-01
3.94969e-01
3.94000e-01
3.93033e-01
3.92068e-01
3.91105e-01
3.90145e-01
3.89188e-01
3.88232e-01
3.87279e-01
3.86328e-01
3.85379e-01
3.84433e-01
3.83489e-01
3.82548e-01
3.81608e-01
3.80671e-01
3.79736e-01
3.78804e-01
3.77874e-01
3.76946e-01
3.76020e-01
3.75096e-01
3.74175e-01
3.73256e-01
3.72340e-01
3.71425e-01
3.70513e-01
3.69603e-01
3.68695e-01
3.67790e-01
3.66886e-01
3.65985e-01
3.65086e-01
3.64190e-01
3.63295e-01
3.62403e-01
3.61513e-01
3.60625e-01
3.59739e-01
3.58855e-01
3.57974e-01
3.57095e-01
3.56218e-01
3.55343e-01
3.54470e-01
3.53599e-01
3.52731e-01
3.51865e-01
3.51000e-01
3.50138e-01
3.49278e-01
3.48421e-01
3.47565e-01
3.46711e-01
3.45860e-01
3.45011e-01
3.44163e-01
3.43318e-01
3.42475e-01
3.41634e-01
3.40795e-01
3.39958e-01
3.39123e-01
3.38291e-01
3.37460e-01
3.36631e-01
3.35805e-01
3.34980e-01
3.34158e-01
3.33337e-01
3.32519e-01
3.31702e-01
3.30888e-01
3.30076e-01
3.29265e-01
3.28457e-01
3.27651e-01
3.26846e-01
3.26044e-01
3.25244e-01
3.24445e-01
3.23649e-01
3.22854e-01
3.22062e-01
3.21272e-01
3.20483e-01
3.19696e-01
3.18912e-01
3.18129e-01
3.17349e-01
3.16570e-01
3.15793e-01
3.15018e-01
3.14245e-01
3.13474e-01
3.12705e-01
3.11938e-01
3.11172e-01
3.10409e-01
3.09647e-01
3.08888e-01
3.08130e-01
3.07374e-01
3.06620e-01
3.05868e-01
3.05118e-01
3.04369e-01
3.03623e-01
3.02878e-01
3.02135e-01
3.01394e-01
3.00655e-01
2.99918e-01
2.99183e-01
2.98449e-01
2.97717e-01
2.96987e-01
2.96259e-01
2.95533e-01
2.94808e-01
2.94086e-01
2.93365e-01
2.92645e-01
2.91928e-01
2.91213e-01
2.90499e-01
2.89787e-01
2.89077e-01
2.88368e-01
2.87661e-01
2.86957e-01
2.86253e-01
2.85552e-01
2.84852e-01
2.84154e-01
2.83458e-01
2.82764e-01
2.82071e-01
2.81380e-01
2.80691e-01
2.80003e-01
2.79317e-01
2.78633e-01
2.77951e-01
2.77270e-01
2.76591e-01
2.75914e-01
2.75238e-01
2.74564e-01
2.73892e-01
2.73221e-01
2.72552e-01
2.71885e-01
2.71219e-01
2.70555e-01
2.69893e-01
2.69232e-01
2.68573e-01
2.67916e-01
2.67260e-01
2.66606e-01
2.65954e-01
2.65303e-01
2.64654e-01
2.64006e-01
2.63360e-01
2.62716e-01
2.62073e-01
2.61432e-01
2.60792e-01
2.60154e-01
2.59518e-01
2.58883e-01
2.58250e-01
2.57618e-01
2.56988e-01
2.56359e-01
2.55733e-01
2.55107e-01
2.54483e-01
2.53861e-01
2.53240e-01
2.52621e-01
2.52004e-01
2.51387e-01
2.50773e-01
2.50160e-01
2.49548e-01
2.48938e-01
2.48330e-01
2.47723e-01
2.47118e-01
2.46514e-01
2.45911e-01
2.45310e-01
2.44711e-01
2.44113e-01
2.43517e-01
2.42922e-01
2.42328e-01
2.41736e-01
2.41146e-01
2.40557e-01
2.39969e-01
2.39383e-01
2.38798e-01
2.38215e-01
2.37633e-01
2.37053e-01
2.36474e-01
2.35897e-01
2.35321e-01
2.34746e-01
2.34173e-01
2.33601e-01
2.33031e-01
2.32462e-01
2.31895e-01
2.31329e-01
2.30764e-01
2.30201e-01
2.29639e-01
2.29079e-01
2.28520e-01
2.27962e-01
2.27406e-01
2.26851e-01
2.26298e-01
2.25746e-01
2.25195e-01
2.24645e-01
2.24098e-01
2.23551e-01
2.23006e-01
2.22462e-01
2.21919e-01
2.21378e-01
2.20838e-01
2.20300e-01
2.19762e-01
2.19227e-01
2.18692e-01
2.18159e-01
2.17627e-01
2.17097e-01
2.16567e-01
2.16039e-01
2.15513e-01
2.14988e-01
2.14464e-01
2.13941e-01
2.13420e-01
2.12900e-01
2.12381e-01
2.11863e-01
2.11347e-01
2.10832e-01
2.10318e-01
2.09806e-01
2.09295e-01
2.08785e-01
2.08277e-01
2.07769e-01
2.07263e-01
2.06759e-01
2.06255e-01
2.05753e-01
2.05252e-01
2.04752e-01
2.04253e-01
2.03756e-01
2.03260e-01
2.02765e-01
2.02272e-01
2.01779e-01
2.01288e-01
2.00798e-01
2.00309e-01
1.99822e-01
1.99336e-01
1.98851e-01
1.98367e-01
1.97884e-01
1.97403e-01
1.96922e-01
1.96443e-01
1.95965e-01
1.95489e-01
1.95013e-01
1.94539e-01
1.94065e-01
1.93593e-01
1.93123e-01
1.92653e-01
1.92184e-01
1.91717e-01
1.91251e-01
1.90786e-01
1.90322e-01
1.89859e-01
1.89398e-01
1.88937e-01
1.88478e-01
1.88020e-01
1.87563e-01
1.87107e-01
1.86652e-01
1.86199e-01
1.85746e-01
1.85295e-01
1.84844e-01
1.84395e-01
1.83947e-01
1.83500e-01
1.83055e-01
1.82610e-01
1.82166e-01
1.81724e-01
1.81282e-01
1.80842e-01
1.80403e-01
1.79965e-01
1.79528e-01
1.79092e-01
1.78657e-01
1.78223e-01
1.77790e-01
1.77359e-01
1.76928e-01
1.76499e-01
1.76070e-01
1.75643e-01
1.75216e-01
1.74791e-01
1.74367e-01
1.73944e-01
1.73522e-01
1.73100e-01
1.72680e-01
1.72261e-01
1.71843e-01
1.71427e-01
1.71011e-01
1.70596e-01
1.70182e-01
1.69769e-01
1.69357e-01
1.68947e-01
1.68537e-01
1.68128e-01
1.67720e-01
1.67314e-01
1.66908e-01
1.66503e-01
1.66099e-01
1.65697e-01
1.65295e-01
1.64894e-01
1.64495e-01
1.64096e-01
1.63698e-01
1.63301e-01
1.62905e-01
1.62511e-01
1.62117e-01
1.61724e-01
1.61332e-01
1.60941e-01
1.60551e-01
1.60162e-01
1.59774e-01
1.59387e-01
1.59001e-01
1.58616e-01
1.58232e-01
1.57848e-01
1.57466e-01
1.57085e-01
1.56704e-01
1.56325e-01
1.55946e-01
1.55569e-01
1.55192e-01
1.54816e-01
1.54441e-01
1.54067e-01
1.53694e-01
1.53322e-01
1.52951e-01
1.52581e-01
1.52212e-01
1.51843e-01
1.51476e-01
1.51109e-01
1.50744e-01
1.50379e-01
1.50015e-01
1.49652e-01
1.49290e-01
1.48929e-01
1.48569e-01
1.48209e-01
1.47851e-01
1.47493e-01
1.47136e-01
1.46781e-01
1.46426e-01
1.46071e-01
1.45718e-01
1.45366e-01
1.45014e-01
1.44664e-01
1.44314e-01
1.43965e-01
1.43617e-01
1.43270e-01
1.42924e-01
1.42578e-01
1.42234e-01
1.41890e-01
1.41547e-01
1.41205e-01
1.40864e-01
1.40523e-01
1.40184e-01
1.39845e-01
1.39507e-01
1.39170e-01
1.38834e-01
1.38499e-01
1.38164e-01
1.37830e-01
1.37497e-01
1.37165e-01
1.36834e-01
1.36504e-01
1.36174e-01
1.35845e-01
1.35517e-01
1.35190e-01
1.34864e-01
1.34538e-01
1.34213e-01
1.33889e-01
1.33566e-01
1.33244e-01
1.32922e-01
1.32601e-01
1.32281e-01
1.31962e-01
1.31644e-01
1.31326e-01
1.31009e-01
1.30693e-01
1.30378e-01
1.30063e-01
1.29749e-01
1.29436e-01
1.29124e-01
1.28813e-01
1.28502e-01
1.28192e-01
1.27883e-01
1.27575e-01
1.27267e-01
1.26960e-01
1.26654e-01
1.26349e-01
1.26044e-01
1.25740e-01
1.25437e-01
1.25135e-01
1.24833e-01
1.24532e-01
1.24232e-01
1.23932e-01
1.23634e-01
1.23336e-01
1.23039e-01
1.22742e-01
1.22446e-01
1.22151e-01
1.21857e-01
1.21564e-01
1.21271e-01
1.20979e-01
1.20687e-01
1.20396e-01
1.20107e-01
1.19817e-01
1.19529e-01
1.19241e-01
1.18954e-01
1.18667e-01
1.18382e-01
1.18097e-01
1.17812e-01
1.17529e-01
1.17246e-01
1.16963e-01
1.16682e-01
1.16401e-01
1.16121e-01
1.15841e-01
1.15563e-01
1.15285e-01
1.15007e-01
1.14730e-01
1.14454e-01
1.14179e-01
1.13904e-01
1.13630e-01
1.13357e-01
1.13084e-01
1.12812e-01
1.12541e-01
1.12270e-01
1.12000e-01
1.11731e-01
1.11462e-01
1.11194e-01
1.10927e-01
1.10660e-01
1.10394e-01
1.10129e-01
1.09864e-01
1.09600e-01
1.09336e-01
1.09073e-01
1.08811e-01
1.08550e-01
1.08289e-01
1.08029e-01
1.07769e-01
1.07510e-01
1.07252e-01
1.06994e-01
1.06737e-01
1.06481e-01
1.06225e-01
1.05970e-01
1.05715e-01
1.05461e-01
1.05208e-01
1.04955e-01
1.04703e-01
1.04452e-01
1.04201e-01
1.03951e-01
1.03701e-01
1.03452e-01
1.03204e-01
1.02956e-01
1.02709e-01
1.02462e-01
1.02216e-01
1.01971e-01
1.01726e-01
1.01482e-01
1.01238e-01
1.00995e-01
1.00753e-01
1.00511e-01
1.00270e-01
1.00030e-01
9.97895e-02
9.95501e-02
9.93113e-02
9.90730e-02
9.88354e-02
9.85983e-02
9.83618e-02
9.81259e-02
9.78906e-02
9.76558e-02
9.74217e-02
9.71881e-02
9.69550e-02
9.67226e-02
9.64907e-02
9.62593e-02
9.60286e-02
9.57984e-02
9.55687e-02
9.53397e-02
9.51111e-02
9.48832e-02
9.46558e-02
9.44290e-02
9.42027e-02
9.39769e-02
9.37518e-02
9.35271e-02
9.33031e-02
9.30795e-02
9.28565e-02
9.26341e-02
9.24122e-02
9.21909e-02
9.19701e-02
9.17498e-02
9.15300e-02
9.13109e-02
9.10922e-02
9.08741e-02
9.06565e-02
9.04394e-02
9.02229e-02
9.00069e-02
8.97914e-02
8.95765e-02
8.93621e-02
8.91482e-02
8.89348e-02
8.87219e-02
8.85096e-02
8.82978e-02
8.80865e-02
8.78757e-02
8.76655e-02
8.74557e-02
8.72465e-02
8.70377e-02
8.68295e-02
8.66218e-02
8.64146e-02
8.62079e-02
8.60017e-02
8.57960e-02
8.55908e-02
8.53862e-02
8.51820e-02
8.49783e-02
8.47751e-02
8.45724e-02
8.43702e-02
8.41685e-02
8.39673e-02
8.37666e-02
8.35663e-02
8.33666e-02
8.31673e-02
8.29686e-02
8.27703e-02
8.25725e-02
8.23752e-02
8.21783e-02
8.19820e-02
8.17861e-02
8.15907e-02
8.13958e-02
8.12013e-02
8.10073e-02
8.08138e-02
8.06208e-02
8.04282e-02
8.02361e-02
8.00445e-02
7.98534e-02
7.96627e-02
7.94725e-02
7.92827e-02
7.90934e-02
7.89046e-02
7.87162e-02
7.85283e-02
7.83408e-02
7.81538e-02
7.79673e-02
7.77812e-02
7.75955e-02
7.74104e-02
7.72256e-02
7.70413e-02
7.68575e-02
7.66741e-02
7.64912e-02
7.63087e-02
7.61266e-02
7.59450e-02
7.57638e-02
7.55831e-02
7.54028e-02
7.52230e-02
7.50436e-02
7.48646e-02
7.46861e-02
7.45080e-02
7.43303e-02
7.41531e-02
7.39763e-02
7.37999e-02
7.36239e-02
7.34484e-02
7.32733e-02
7.30987e-02
7.29244e-02
7.27506e-02
7.25772e-02
7.24043e-02
7.22317e-02
7.20596e-02
7.18879e-02
7.17166e-02
7.15457e-02
7.13752e-02
7.12052e-02
7.10356e-02
7.08663e-02
7.06975e-02
7.05291e-02
7.03612e-02
7.01936e-02
7.00264e-02
6.98596e-02
6.96933e-02
6.95273e-02
6.93618e-02
6.91966e-02
6.90319e-02
6.88675e-02
6.87036e-02
6.85400e-02
6.83769e-02
6.82141e-02
6.80517e-02
6.78898e-02
6.77282e-02
6.75670e-02
6.74062e-02
6.72458e-02
6.70858e-02
6.69262e-02
6.67670e-02
6.66081e-02
6.64496e-02
6.62916e-02
6.61339e-02
6.59766e-02
6.58196e-02
6.56631e-02
6.55069e-02
6.53511e-02
6.51957e-02
6.50407e-02
6.48860e-02
6.47317e-02
6.45778e-02
6.44243e-02
6.42711e-02
6.41184e-02
6.39659e-02
6.38139e-02
6.36622e-02
6.35109e-02
6.33599e-02
6.32094e-02
6.30592e-02
6.29093e-02
6.27598e-02
6.26107e-02
6.24619e-02
6.23135e-02
6.21655e-02
6.20178e-02
6.18705e-02
6.17235e-02
6.15769e-02
6.14306e-02
6.12847e-02
6.11392e-02
6.09940e-02
6.08492e-02
6.07047e-02
6.05605e-02
6.04167e-02
6.02733e-02
6.01302e-02
5.99874e-02
5.98450e-02
5.97030e-02
5.95613e-02
5.94199e-02
5.92789e-02
5.91382e-02
5.89978e-02
5.88578e-02
5.87182e-02
5.85788e-02
5.84398e-02
5.83012e-02
5.81629e-02
5.80249e-02
5.78872e-02
5.77499e-02
5.76129e-02
5.74763e-02
5.73399e-02
5.72039e-02
5.70683e-02
5.69329e-02
5.67979e-02
5.66633e-02
5.65289e-02
5.63949e-02
5.62612e-02
5.61278e-02
5.59947e-02
5.58620e-02
5.57296e-02
5.55975e-02
5.54657e-02
5.53342e-02
5.52031e-02
5.50723e-02
5.49418e-02
5.48116e-02
5.46817e-02
5.45521e-02
5.44229e-02
5.42939e-02
5.41653e-02
5.40370e-02
5.39090e-02
5.37813e-02
5.36539e-02
5.35268e-02
5.34001e-02
5.32736e-02
5.31474e-02
5.30216e-02
5.28960e-02
5.27708e-02
5.26458e-02
5.25212e-02
5.23968e-02
5.22728e-02
5.21491e-02
5.20256e-02
5.19025e-02
5.17796e-02
5.16571e-02
5.15348e-02
5.14129e-02
5.12912e-02
5.11698e-02
5.10487e-02
5.09280e-02
5.08075e-02
5.06873e-02
5.05673e-02
5.04477e-02
5.03284e-02
5.02093e-02
5.00906e-02
4.99721e-02
4.98539e-02
4.97360e-02
4.96184e-02
4.95011e-02
4.93840e-02
4.92672e-02
4.91508e-02
4.90346e-02
4.89186e-02
4.88030e-02
4.86876e-02
4.85725e-02
4.84577e-02
4.83432e-02
4.82289e-02
4.81149e-02
4.80012e-02
4.78878e-02
4.77746e-02
4.76617e-02
4.75491e-02
4.74368e-02
4.73247e-02
4.72129e-02
4.71014e-02
4.69901e-02
4.68791e-02
4.67684e-02
4.66579e-02
4.65477e-02
4.64378e-02
4.63281e-02
4.62187e-02
4.61096e-02
4.60007e-02
4.58921e-02
4.57837e-02
4.56756e-02
4.55678e-02
4.54602e-02
4.53529e-02
4.52459e-02
4.51391e-02
4.50325e-02
4.49263e-02
4.48202e-02
4.47145e-02
4.46089e-02
4.45037e-02
4.43987e-02
4.42939e-02
4.41894e-02
4.40852e-02
4.39812e-02
4.38774e-02
4.37739e-02
4.36707e-02
4.35676e-02
4.34649e-02
4.33624e-02
4.32601e-02
4.31581e-02
4.30563e-02
4.29548e-02
4.28535e-02
4.27525e-02
4.26517e-02
4.25511e-02
4.24508e-02
4.23507e-02
4.22509e-02
4.21513e-02
4.20520e-02
4.19529e-02
4.18540e-02
4.17554e-02
4.16570e-02
4.15588e-02
4.14609e-02
4.13632e-02
4.12657e-02
4.11685e-02
4.10715e-02
4.09748e-02
4.08782e-02
4.07819e-02
4.06859e-02
4.05901e-02
4.04945e-02
4.03991e-02
4.03039e-02
4.02090e-02
4.01143e-02
4.00199e-02
3.99257e-02
3.98317e-02
3.97379e-02
3.96443e-02
3.95510e-02
3.94579e-02
3.93650e-02
3.92724e-02
3.91799e-02
3.90877e-02
3.89957e-02
3.89039e-02
3.88124e-02
3.87211e-02
3.86300e-02
3.85391e-02
3.84484e-02
3.83579e-02
3.82677e-02
3.81777e-02
3.80879e-02
3.79983e-02
3.79089e-02
3.78197e-02
3.77308e-02
3.76420e-02
3.75535e-02
3.74652e-02
3.73771e-02
3.72892e-02
3.72015e-02
3.71141e-02
3.70268e-02
3.69398e-02
3.68529e-02
3.67663e-02
3.66799e-02
3.65937e-02
3.65076e-02
3.64218e-02
3.63362e-02
3.62508e-02
3.61657e-02
3.60807e-02
3.59959e-02
3.59113e-02
3.58269e-02
3.57428e-02
3.56588e-02
3.55750e-02
3.54915e-02
3.54081e-02
3.53249e-02
3.52419e-02
3.51592e-02
3.50766e-02
3.49942e-02
3.49120e-02
3.48301e-02
3.47483e-02
3.46667e-02
3.45853e-02
3.45041e-02
3.44231e-02
3.43423e-02
3.42617e-02
3.41812e-02
3.41010e-02
3.40210e-02
3.39411e-02
3.38615e-02
3.37820e-02
3.37027e-02
3.36236e-02
3.35447e-02
3.34660e-02
3.33875e-02
3.33092e-02
3.32310e-02
3.31531e-02
3.30753e-02
3.29977e-02
3.29203e-02
3.28431e-02
3.27660e-02
3.26892e-02
3.26125e-02
3.25361e-02
3.24598e-02
3.23836e-02
3.23077e-02
3.22320e-02
3.21564e-02
3.20810e-02
3.20058e-02
3.19308e-02
3.18559e-02
3.17812e-02
3.17067e-02
3.16324e-02
3.15583e-02
3.14843e-02
3.14105e-02
3.13369e-02
3.12635e-02
3.11903e-02
3.11172e-02
3.10443e-02
3.09715e-02
3.08990e-02
3.08266e-02
3.07544e-02
3.06823e-02
3.06105e-02
3.05388e-02
3.04672e-02
3.03959e-02
3.03247e-02
3.02537e-02
3.01828e-02
3.01122e-02
3.00417e-02
2.99713e-02
2.99011e-02
2.98311e-02
2.97613e-02
2.96916e-02
2.96221e-02
2.95528e-02
2.94836e-02
2.94146e-02
2.93458e-02
2.92771e-02
2.92086e-02
2.91402e-02
2.90720e-02
2.90040e-02
2.89361e-02
2.88684e-02
2.88009e-02
2.87335e-02
2.86663e-02
2.85992e-02
2.85323e-02
2.84656e-02
2.83990e-02
2.83326e-02
2.82663e-02
2.82002e-02
2.81343e-02
2.80685e-02
2.80029e-02
2.79374e-02
2.78721e-02
2.78069e-02
2.77419e-02
2.76770e-02
2.76123e-02
2.75478e-02
2.74834e-02
2.74192e-02
2.73551e-02
2.72911e-02
2.72274e-02
2.71637e-02
2.71002e-02
2.70369e-02
2.69737e-02
2.69107e-02
2.68478e-02
2.67851e-02
2.67225e-02
2.66601e-02
2.65978e-02
2.65357e-02
2.64737e-02
2.64119e-02
2.63502e-02
2.62887e-02
2.62273e-02
2.61660e-02
2.61049e-02
2.60440e-02
2.59831e-02
2.59225e-02
2.58619e-02
2.58016e-02
2.57413e-02
2.56812e-02
2.56213e-02
2.55615e-02
2.55018e-02
2.54423e-02
2.53829e-02
2.53237e-02
2.52646e-02
2.52056e-02
2.51468e-02
2.50881e-02
2.50296e-02
2.49712e-02
2.49129e-02
2.48548e-02
2.47968e-02
2.47390e-02
2.46813e-02
2.46237e-02
2.45662e-02
2.45089e-02
2.44518e-02
2.43948e-02
2.43379e-02
2.42811e-02
2.42245e-02
2.41680e-02
2.41116e-02
2.40554e-02
2.39993e-02
2.39434e-02
2.38876e-02
2.38319e-02
2.37763e-02
2.37209e-02
2.36656e-02
2.36105e-02
2.35554e-02
2.35005e-02
2.34458e-02
2.33911e-02
2.33366e-02
2.32822e-02
2.32280e-02
2.31739e-02
2.31199e-02
2.30660e-02
2.30123e-02
2.29587e-02
2.29052e-02
2.28518e-02
2.27986e-02
2.27455e-02
2.26925e-02
2.26397e-02
2.25870e-02
2.25344e-02
2.24819e-02
2.24295e-02
2.23773e-02
2.23252e-02
2.22732e-02
2.22214e-02
2.21696e-02
2.21180e-02
2.20666e-02
2.20152e-02
2.19639e-02
2.19128e-02
2.18618e-02
2.18109e-02
2.17602e-02
2.17095e-02
2.16590e-02
2.16086e-02
2.15583e-02
2.15082e-02
2.14581e-02
2.14082e-02
2.13584e-02
2.13087e-02
2.12592e-02
2.12097e-02
2.11604e-02
2.11112e-02
2.10621e-02
2.10131e-02
2.09642e-02
2.09155e-02
2.08668e-02
2.08183e-02
2.07699e-02
2.07216e-02
2.06734e-02
2.06254e-02
2.05774e-02
2.05296e-02
2.04818e-02
2.04342e-02
2.03867e-02
2.03394e-02
2.02921e-02
2.02449e-02
2.01979e-02
2.01509e-02
2.01041e-02
2.00574e-02
2.00108e-02
1.99643e-02
1.99179e-02
1.98716e-02
1.98255e-02
1.97794e-02
1.97335e-02
1.96876e-02
1.96419e-02
1.95963e-02
1.95508e-02
1.95053e-02
1.94600e-02
1.94149e-02
1.93698e-02
1.93248e-02
1.92799e-02
1.92352e-02
1.91905e-02
1.91459e-02
1.91015e-02
1.90571e-02
1.90129e-02
1.89688e-02
1.89247e-02
1.88808e-02
1.88370e-02
1.87933e-02
1.87497e-02
1.87061e-02
1.86627e-02
1.86194e-02
1.85762e-02
1.85331e-02
1.84901e-02
1.84472e-02
1.84044e-02
1.83617e-02
1.83191e-02
1.82766e-02
1.82342e-02
1.81919e-02
1.81497e-02
1.81076e-02
1.80657e-02
1.80238e-02
1.79820e-02
1.79403e-02
1.78987e-02
1.78572e-02
1.78157e-02
1.77744e-02
1.77332e-02
1.76921e-02
1.76511e-02
1.76102e-02
1.75694e-02
1.75286e-02
1.74880e-02
1.74475e-02
1.74070e-02
1.73667e-02
1.73265e-02
1.72863e-02
1.72462e-02
1.72063e-02
1.71664e-02
1.71266e-02
1.70870e-02
1.70474e-02
1.70079e-02
1.69685e-02
1.69292e-02
1.68900e-02
1.68508e-02
1.68118e-02
1.67729e-02
1.67340e-02
1.66953e-02
1.66566e-02
1.66180e-02
1.65795e-02
1.65412e-02
1.65029e-02
1.64646e-02
1.64265e-02
1.63885e-02
1.63506e-02
1.63127e-02
1.62749e-02
1.62373e-02
1.61997e-02
1.61622e-02
1.61248e-02
1.60875e-02
1.60502e-02
1.60131e-02
1.59760e-02
1.59391e-02
1.59022e-02
1.58654e-02
1.58287e-02
1.57921e-02
1.57555e-02
1.57191e-02
1.56827e-02
1.56464e-02
1.56102e-02
1.55741e-02
1.55381e-02
1.55022e-02
1.54663e-02
1.54306e-02
1.53949e-02
1.53593e-02
1.53238e-02
1.52883e-02
1.52530e-02
1.52177e-02
1.51825e-02
1.51474e-02
1.51124e-02
1.50775e-02
1.50426e-02
1.50078e-02
1.49732e-02
1.49386e-02
1.49040e-02
1.48696e-02
1.48352e-02
1.48009e-02
1.47667e-02
1.47326e-02
1.46986e-02
1.46646e-02
1.46307e-02
1.45969e-02
1.45632e-02
1.45296e-02
1.44960e-02
1.44625e-02
1.44291e-02
1.43958e-02
1.43625e-02
1.43294e-02
1.42963e-02
1.42632e-02
1.42303e-02
1.41974e-02
1.41647e-02
1.41320e-02
1.40993e-02
1.40668e-02
1.40343e-02
1.40019e-02
1.39696e-02
1.39373e-02
1.39052e-02
1.38731e-02
1.38410e-02
1.38091e-02
1.37772e-02
1.37454e-02
1.37137e-02
1.36821e-02
1.36505e-02
1.36190e-02
1.35876e-02
1.35562e-02
1.35249e-02
1.34937e-02
1.34626e-02
1.34315e-02
1.34006e-02
1.33696e-02
1.33388e-02
1.33080e-02
1.32773e-02
1.32467e-02
1.32162e-02
1.31857e-02
1.31553e-02
1.31249e-02
1.30947e-02
1.30645e-02
1.30344e-02
1.30043e-02
1.29743e-02
1.29444e-02
1.29146e-02
1.28848e-02
1.28551e-02
1.28255e-02
1.27959e-02
1.27664e-02
1.27370e-02
1.27076e-02
1.26784e-02
1.26491e-02
1.26200e-02
1.25909e-02
1.25619e-02
1.25329e-02
1.25041e-02
1.24753e-02
1.24465e-02
1.24178e-02
1.23892e-02
1.23607e-02
1.23322e-02
1.23038e-02
1.22755e-02
1.22472e-02
1.22190e-02
1.21909e-02
1.21628e-02
1.21348e-02
1.21068e-02
1.20790e-02
1.20511e-02
1.20234e-02
1.19957e-02
1.19681e-02
1.19405e-02
1.19131e-02
1.18856e-02
1.18583e-02
1.18310e-02
1.18037e-02
1.17766e-02
1.17495e-02
1.17224e-02
1.16955e-02
1.16685e-02
1.16417e-02
1.16149e-02
1.15882e-02
1.15615e-02
1.15349e-02
1.15084e-02
1.14819e-02
1.14555e-02
1.14291e-02
1.14028e-02
1.13766e-02
1.13504e-02
1.13243e-02
1.12983e-02
1.12723e-02
1.12464e-02
1.12205e-02
1.11947e-02
1.11690e-02
1.11433e-02
1.11177e-02
1.10921e-02
1.10666e-02
1.10412e-02
1.10158e-02
1.09905e-02
1.09652e-02
1.09400e-02
1.09148e-02
1.08897e-02
1.08647e-02
1.08398e-02
1.08148e-02
1.07900e-02
1.07652e-02
1.07404e-02
1.07158e-02
1.06911e-02
1.06666e-02
1.06421e-02
1.06176e-02
1.05932e-02
1.05689e-02
1.05446e-02
1.05204e-02
1.04962e-02
1.04721e-02
1.04481e-02
1.04241e-02
1.04001e-02
1.03762e-02
1.03524e-02
1.03286e-02
1.03049e-02
1.02813e-02
1.02577e-02
1.02341e-02
1.02106e-02
1.01872e-02
1.01638e-02
1.01404e-02
1.01172e-02
1.00939e-02
1.00708e-02
1.00477e-02
1.00246e-02
1.00016e-02
9.97863e-03
9.95573e-03
9.93288e-03
9.91008e-03
9.88734e-03
9.86466e-03
9.84202e-03
9.81944e-03
9.79691e-03
9.77443e-03
9.75201e-03
9.72964e-03
9.70732e-03
9.68505e-03
9.66283e-03
9.64067e-03
9.61856e-03
9.59650e-03
9.57449e-03
9.55253e-03
9.53062e-03
9.50877e-03
9.48696e-03
9.46521e-03
9.44351e-03
9.42186e-03
9.40025e-03
9.37870e-03
9.35720e-03
9.33575e-03
9.31435e-03
9.29300e-03
9.27170e-03
9.25044e-03
9.22924e-03
9.20809e-03
9.18699e-03
9.16593e-03
9.14493e-03
9.12397e-03
9.10306e-03
9.08220e-03
9.06139e-03
9.04063e-03
9.01992e-03
8.99925e-03
8.97864e-03
8.95807e-03
8.93755e-03
8.91707e-03
8.89665e-03
8.87627e-03
8.85594e-03
8.83566e-03
8.81542e-03
8.79523e-03
8.77509e-03
8.75500e-03
8.73495e-03
8.71495e-03
8.69499e-03
8.67508e-03
8.65522e-03
8.63541e-03
8.61564e-03
8.59591e-03
8.57624e-03
8.55660e-03
8.53702e-03
8.51748e-03
8.49798e-03
8.47853e-03
8.45913e-03
8.43977e-03
8.42045e-03
8.40118e-03
8.38196e-03
8.36278e-03
8.34364e-03
8.32455e-03
8.30551e-03
8.28651e-03
8.26755e-03
8.24863e-03
8.22976e-03
8.21094e-03
8.19216e-03
8.17342e-03
8.15472e-03
8.13607e-03
8.11746e-03
8.09890e-03
8.08038e-03
8.06190e-03
8.04347e-03
8.02507e-03
8.00672e-03
7.98842e-03
7.97015e-03
7.95193e-03
7.93375e-03
7.91561e-03
7.89752e-03
7.87946e-03
7.86145e-03
7.84348e-03
7.82555e-03
7.80767e-03
7.78982e-03
7.77202e-03
7.75426e-03
7.73654e-03
7.71886e-03
7.70122e-03
7.68362e-03
7.66607e-03
7.64855e-03
7.63108e-03
7.61364e-03
7.59625e-03
7.57890e-03
7.56158e-03
7.54431e-03
7.52708e-03
7.50988e-03
7.49273e-03
7.47562e-03
7.45854e-03
7.44151e-03
7.42452e-03
7.40756e-03
7.39065e-03
7.37377e-03
7.35693e-03
7.34014e-03
7.32338e-03
7.30666e-03
7.28998e-03
7.27333e-03
7.25673e-03
7.24016e-03
7.22364e-03
7.20715e-03
7.19070e-03
7.17429e-03
7.15791e-03
7.14158e-03
7.12528e-03
7.10902e-03
7.09280e-03
7.07661e-03
7.06046e-03
7.04435e-03
7.02828e-03
7.01224e-03
6.99625e-03
6.98029e-03
6.96436e-03
6.94847e-03
6.93262e-03
6.91681e-03
6.90103e-03
6.88529e-03
6.86959e-03
6.85392e-03
6.83829e-03
6.82270e-03
6.80714e-03
6.79161e-03
6.77613e-03
6.76068e-03
6.74526e-03
6.72988e-03
6.71454e-03
6.69923e-03
6.68396e-03
6.66872e-03
6.65352e-03
6.63835e-03
6.62322e-03
6.60812e-03
6.59306e-03
6.57804e-03
6.56304e-03
6.54809e-03
6.53316e-03
6.51828e-03
6.50342e-03
6.48860e-03
6.47382e-03
6.45907e-03
6.44435e-03
6.42967e-03
6.41502e-03
6.40041e-03
6.38583e-03
6.37128e-03
6.35677e-03
6.34229e-03
6.32784e-03
6.31343e-03
6.29905e-03
6.28470e-03
6.27039e-03
6.25611e-03
6.24187e-03
6.22765e-03
6.21347e-03
6.19932e-03
6.18521e-03
6.17113e-03
6.15708e-03
6.14306e-03
6.12907e-03
6.11512e-03
6.10120e-03
6.08731e-03
6.07346e-03
6.05963e-03
6.04584e-03
6.03208e-03
6.01835e-03
6.00466e-03
5.99099e-03
5.97736e-03
5.96376e-03
5.95019e-03
5.93665e-03
5.92314e-03
5.90966e-03
5.89622e-03
5.88280e-03
5.86942e-03
5.85607e-03
5.84275e-03
5.82946e-03
5.81620e-03
5.80297e-03
5.78977e-03
5.77660e-03
5.76346e-03
5.75036e-03
5.73728e-03
5.72423e-03
5.71122e-03
5.69823e-03
5.68527e-03
5.67235e-03
5.65945e-03
5.64658e-03
5.63374e-03
5.62094e-03
5.60816e-03
5.59541e-03
5.58269e-03
5.57000e-03
5.55734e-03
5.54471e-03
5.53211e-03
5.51954e-03
5.50699e-03
5.49448e-03
5.48199e-03
5.46953e-03
5.45711e-03
5.44471e-03
5.43233e-03
5.41999e-03
5.40768e-03
5.39539e-03
5.38313e-03
5.37091e-03
5.35871e-03
5.34653e-03
5.33439e-03
5.32227e-03
5.31018e-03
5.29812e-03
5.28609e-03
5.27408e-03
5.26211e-03
5.25016e-03
5.23824e-03
5.22634e-03
5.21447e-03
5.20263e-03
5.19082e-03
5.17904e-03
5.16728e-03
5.15555e-03
5.14384e-03
5.13217e-03
5.12052e-03
5.10889e-03
5.09730e-03
5.08573e-03
5.07418e-03
5.06267e-03
5.05118e-03
5.03972e-03
5.02828e-03
5.01687e-03
5.00548e-03
4.99413e-03
4.98279e-03
4.97149e-03
4.96021e-03
4.94896e-03
4.93773e-03
4.92653e-03
4.91535e-03
4.90420e-03
4.89308e-03
4.88198e-03
4.87090e-03
4.85986e-03
4.84883e-03
4.83784e-03
4.82686e-03
4.81592e-03
4.80500e-03
4.79410e-03
4.78323e-03
4.77238e-03
4.76156e-03
4.75077e-03
4.74000e-03
4.72925e-03
4.71853e-03
4.70783e-03
4.69716e-03
4.68651e-03
4.67589e-03
4.66529e-03
4.65472e-03
4.64417e-03
4.63364e-03
4.62314e-03
4.61266e-03
4.60221e-03
4.59178e-03
4.58138e-03
4.57099e-03
4.56064e-03
4.55030e-03
4.53999e-03
4.52971e-03
4.51945e-03
4.50921e-03
4.49899e-03
4.48880e-03
4.47863e-03
4.46849e-03
4.45837e-03
4.44827e-03
4.43819e-03
4.42814e-03
4.41811e-03
4.40811e-03
4.39813e-03
4.38817e-03
4.37823e-03
4.36832e-03
4.35843e-03
4.34856e-03
4.33871e-03
4.32889e-03
4.31909e-03
4.30931e-03
4.29956e-03
4.28982e-03
4.28011e-03
4.27042e-03
4.26076e-03
4.25111e-03
4.24149e-03
4.23189e-03
4.22232e-03
4.21276e-03
4.20323e-03
4.19372e-03
4.18423e-03
4.17476e-03
4.16531e-03
4.15589e-03
4.14649e-03
4.13711e-03
4.12775e-03
4.11841e-03
4.10909e-03
4.09980e-03
4.09052e-03
4.08127e-03
4.07204e-03
4.06283e-03
4.05364e-03
4.04447e-03
4.03533e-03
4.02620e-03
4.01709e-03
4.00801e-03
3.99895e-03
3.98991e-03
3.98088e-03
3.97188e-03
3.96290e-03
3.95394e-03
3.94501e-03
3.93609e-03
3.92719e-03
3.91831e-03
3.90945e-03
3.90062e-03
3.89180e-03
3.88301e-03
3.87423e-03
3.86547e-03
3.85674e-03
3.84802e-03
3.83933e-03
3.83065e-03
3.82199e-03
3.81336e-03
3.80474e-03
3.79615e-03
3.78757e-03
3.77901e-03
3.77048e-03
3.76196e-03
3.75346e-03
3.74498e-03
3.73652e-03
3.72808e-03
3.71966e-03
3.71126e-03
3.70288e-03
3.69451e-03
3.68617e-03
3.67785e-03
3.66954e-03
3.66125e-03
3.65299e-03
3.64474e-03
3.63651e-03
3.62830e-03
3.62011e-03
3.61193e-03
3.60378e-03
3.59564e-03
3.58753e-03
3.57943e-03
3.57135e-03
3.56329e-03
3.55524e-03
3.54722e-03
3.53921e-03
3.53123e-03
3.52326e-03
3.51531e-03
3.50737e-03
3.49946e-03
3.49156e-03
3.48368e-03
3.47582e-03
3.46798e-03
3.46016e-03
3.45235e-03
3.44456e-03
3.43679e-03
3.42904e-03
3.42130e-03
3.41358e-03
3.40588e-03
3.39820e-03
3.39054e-03
3.38289e-03
3.37526e-03
3.36765e-03
3.36005e-03
3.35248e-03
3.34492e-03
3.33737e-03
3.32985e-03
3.32234e-03
3.31485e-03
3.30738e-03
3.29992e-03
3.29248e-03
3.28506e-03
3.27765e-03
3.27026e-03
3.26289e-03
3.25554e-03
3.24820e-03
3.24088e-03
3.23357e-03
3.22628e-03
3.21901e-03
3.21176e-03
3.20452e-03
3.19730e-03
3.19009e-03
3.18291e-03
3.17573e-03
3.16858e-03
3.16144e-03
3.15432e-03
3.14721e-03
3.14012e-03
3.13305e-03
3.12599e-03
3.11895e-03
3.11192e-03
3.10491e-03
3.09792e-03
3.09094e-03
3.08398e-03
3.07703e-03
3.07010e-03
3.06319e-03
3.05629e-03
3.04941e-03
3.04254e-03
3.03569e-03
3.02886e-03
3.02204e-03
3.01523e-03
3.00844e-03
3.00167e-03
2.99491e-03
2.98817e-03
2.98144e-03
2.97473e-03
2.96804e-03
2.96136e-03
2.95469e-03
2.94804e-03
2.94140e-03
2.93479e-03
2.92818e-03
2.92159e-03
2.91502e-03
2.90846e-03
2.90191e-03
2.89538e-03
2.88887e-03
2.88237e-03
2.87588e-03
2.86941e-03
2.86296e-03
2.85652e-03
2.85009e-03
2.84368e-03
2.83728e-03
2.83090e-03
2.82453e-03
2.81818e-03
2.81184e-03
2.80552e-03
2.79921e-03
2.79291e-03
2.78663e-03
2.78036e-03
2.77411e-03
2.76787e-03
2.76165e-03
2.75544e-03
2.74925e-03
2.74306e-03
2.73690e-03
2.73074e-03
2.72461e-03
2.71848e-03
2.71237e-03
2.70627e-03
2.70019e-03
2.69412e-03
2.68806e-03
2.68202e-03
2.67600e-03
2.66998e-03
2.66398e-03
2.65799e-03
2.65202e-03
2.64606e-03
2.64012e-03
2.63418e-03
2.62827e-03
2.62236e-03
2.61647e-03
2.61059e-03
2.60473e-03
2.59887e-03
2.59304e-03
2.58721e-03
2.58140e-03
2.57560e-03
2.56982e-03
2.56404e-03
2.55828e-03
2.55254e-03
2.54681e-03
2.54109e-03
2.53538e-03
2.52969e-03
2.52401e-03
2.51834e-03
2.51268e-03
2.50704e-03
2.50141e-03
2.49580e-03
2.49019e-03
2.48460e-03
2.47903e-03
2.47346e-03
2.46791e-03
2.46237e-03
2.45684e-03
2.45133e-03
2.44582e-03
2.44033e-03
2.43486e-03
2.42939e-03
2.42394e-03
2.41850e-03
2.41307e-03
2.40766e-03
2.40226e-03
2.39687e-03
2.39149e-03
2.38612e-03
2.38077e-03
2.37543e-03
2.37010e-03
2.36478e-03
2.35948e-03
2.35418e-03
2.34890e-03
2.34363e-03
2.33838e-03
2.33313e-03
2.32790e-03
2.32268e-03
2.31747e-03
2.31227e-03
2.30709e-03
2.30191e-03
2.29675e-03
2.29160e-03
2.28646e-03
2.28134e-03
2.27622e-03
2.27112e-03
2.26603e-03
2.26095e-03
2.25588e-03
2.25082e-03
2.24577e-03
2.24074e-03
2.23572e-03
2.23071e-03
2.22571e-03
2.22072e-03
2.21574e-03
2.21077e-03
2.20582e-03
2.20088e-03
2.19594e-03
2.19102e-03
2.18611e-03
2.18122e-03
2.17633e-03
2.17145e-03
2.16659e-03
2.16173e-03
2.15689e-03
2.15206e-03
2.14724e-03
2.14243e-03
2.13763e-03
2.13284e-03
2.12806e-03
2.12329e-03
2.11854e-03
2.11379e-03
2.10906e-03
2.10434e-03
2.09962e-03
2.09492e-03
2.09023e-03
2.08555e-03
2.08088e-03
2.07622e-03
2.07157e-03
2.06693e-03
2.06231e-03
2.05769e-03
2.05308e-03
2.04848e-03
2.04390e-03
2.03932e-03
2.03476e-03
2.03020e-03
2.02566e-03
2.02113e-03
2.01660e-03
2.01209e-03
2.00759e-03
2.00309e-03
1.99861e-03
1.99414e-03
1.98967e-03
1.98522e-03
1.98078e-03
1.97635e-03
1.97193e-03
1.96751e-03
1.96311e-03
1.95872e-03
1.95434e-03
1.94997e-03
1.94560e-03
1.94125e-03
1.93691e-03
1.93258e-03
1.92825e-03
1.92394e-03
1.91964e-03
1.91534e-03
1.91106e-03
1.90679e-03
1.90252e-03
1.89827e-03
1.89402e-03
1.88979e-03
1.88556e-03
1.88135e-03
1.87714e-03
1.87294e-03
1.86876e-03
1.86458e-03
1.86041e-03
1.85625e-03
1.85210e-03
1.84796e-03
1.84383e-03
1.83971e-03
1.83560e-03
1.83149e-03
1.82740e-03
1.82332e-03
1.81924e-03
1.81518e-03
1.81112e-03
1.80707e-03
1.80303e-03
1.79900e-03
1.79499e-03
1.79097e-03
1.78697e-03
1.78298e-03
1.77900e-03
1.77502e-03
1.77106e-03
1.76710e-03
1.76315e-03
1.75921e-03
1.75528e-03
1.75136e-03
1.74745e-03
1.74355e-03
1.73965e-03
1.73577e-03
1.73189e-03
1.72803e-03
1.72417e-03
1.72032e-03
1.71647e-03
1.71264e-03
1.70882e-03
1.70500e-03
1.70120e-03
1.69740e-03
1.69361e-03
1.68983e-03
1.68605e-03
1.68229e-03
1.67853e-03
1.67479e-03
1.67105e-03
1.66732e-03
1.66360e-03
1.65988e-03
1.65618e-03
1.65248e-03
1.64880e-03
1.64512e-03
1.64144e-03
1.63778e-03
1.63413e-03
1.63048e-03
1.62684e-03
1.62321e-03
1.61959e-03
1.61598e-03
1.61237e-03
1.60877e-03
1.60519e-03
1.60160e-03
1.59803e-03
1.59447e-03
1.59091e-03
1.58736e-03
1.58382e-03
1.58029e-03
1.57676e-03
1.57325e-03
1.56974e-03
1.56624e-03
1.56275e-03
1.55926e-03
1.55578e-03
1.55231e-03
1.54885e-03
1.54540e-03
1.54195e-03
1.53852e-03
1.53509e-03
1.53166e-03
1.52825e-03
1.52484e-03
1.52144e-03
1.51805e-03
1.51467e-03
1.51129e-03
1.50792e-03
1.50456e-03
1.50121e-03
1.49786e-03
1.49452e-03
1.49119e-03
1.48787e-03
1.48455e-03
1.48125e-03
1.47794e-03
1.47465e-03
1.47137e-03
1.46809e-03
1.46482e-03
1.46155e-03
1.45830e-03
1.45505e-03
1.45181e-03
1.44857e-03
1.44535e-03
1.44213e-03
1.43891e-03
1.43571e-03
1.43251e-03
1.42932e-03
1.42614e-03
1.42296e-03
1.41979e-03
1.41663e-03
1.41347e-03
1.41033e-03
1.40719e-03
1.40405e-03
1.40093e-03
1.39781e-03
1.39469e-03
1.39159e-03
1.38849e-03
1.38540e-03
1.38232e-03
1.37924e-03
1.37617e-03
1.37310e-03
1.37005e-03
1.36700e-03
1.36396e-03
1.36092e-03
1.35789e-03
1.35487e-03
1.35185e-03
1.34885e-03
1.34584e-03
1.34285e-03
1.33986e-03
1.33688e-03
1.33390e-03
1.33094e-03
1.32797e-03
1.32502e-03
1.32207e-03
1.31913e-03
1.31620e-03
1.31327e-03
1.31035e-03
1.30743e-03
1.30452e-03
1.30162e-03
1.29873e-03
1.29584e-03
1.29296e-03
1.29008e-03
1.28721e-03
1.28435e-03
1.28149e-03
1.27864e-03
1.27580e-03
1.27296e-03
1.27013e-03
1.26731e-03
1.26449e-03
1.26168e-03
1.25887e-03
1.25607e-03
1.25328e-03
1.25049e-03
1.24771e-03
1.24494e-03
1.24217e-03
1.23941e-03
1.23666e-03
1.23391e-03
1.23117e-03
1.22843e-03
1.22570e-03
1.22297e-03
1.22026e-03
1.21754e-03
1.21484e-03
1.21214e-03
1.20945e-03
1.20676e-03
1.20408e-03
1.20140e-03
1.19873e-03
1.19607e-03
1.19341e-03
1.19076e-03
1.18811e-03
1.18548e-03
1.18284e-03
1.18021e-03
1.17759e-03
1.17498e-03
1.17237e-03
1.16976e-03
1.16717e-03
1.16457e-03
1.16199e-03
1.15941e-03
1.15683e-03
1.15426e-03
1.15170e-03
1.14914e-03
1.14659e-03
1.14404e-03
1.14150e-03
1.13897e-03
1.13644e-03
1.13392e-03
1.13140e-03
1.12889e-03
1.12638e-03
1.12388e-03
1.12139e-03
1.11890e-03
1.11641e-03
1.11394e-03
1.11146e-03
1.10900e-03
1.10653e-03
1.10408e-03
1.10163e-03
1.09918e-03
1.09674e-03
1.09431e-03
1.09188e-03
1.08946e-03
1.08704e-03
1.08463e-03
1.08222e-03
1.07982e-03
1.07743e-03
1.07504e-03
1.07265e-03
1.07027e-03
1.06790e-03
1.06553e-03
1.06317e-03
1.06081e-03
1.05845e-03
1.05611e-03
1.05376e-03
1.05143e-03
1.04909e-03
1.04677e-03
1.04445e-03
1.04213e-03
1.03982e-03
1.03751e-03
1.03521e-03
1.03292e-03
1.03063e-03
1.02834e-03
1.02606e-03
1.02379e-03
1.02152e-03
1.01925e-03
1.01699e-03
1.01474e-03
1.01249e-03
1.01025e-03
1.00801e-03
1.00577e-03
1.00354e-03
1.00132e-03
9.99099e-04
9.98001e-01
9.98001e-01
9.98001e-01
9.98001e-01
9.98001e-01
9.98001e-01
9.98001e-01
9.98001e-01
9.98001e-01
9.98001e-01
9.98001e-01
9.98001e-01
9.98001e-01
9.98001e-01
9.98001e-01
9.98001e-01
9.98001e-01
9.98001e-01
9.98001e-01
9.98001e-01
9.98001e-01
9.98001e-01
9.98001e-01
9.98001e-01
9.98001e-01
5.13477e-01
9.98001e-01
